# Moment            
# CofR              : (0.000000000000e+00 0.000000000000e+00 0.000000000000e+00)
#
# Time              	total_x total_y total_z	pressure_x pressure_y pressure_z	viscous_x viscous_y viscous_z
1                    -3.569281967515e-03 -2.307642445737e+01 -3.193350004055e-05 -3.220476460031e-03 -1.260009034213e+01 -2.463391225271e-05 -3.488055074837e-04 -1.047633411524e+01 -7.299587787835e-06
2                    -3.962360906019e-03 -2.024788071105e+01 2.602666563456e-05 -2.860549845139e-03 -1.318296205293e+01 -2.655483342129e-05 -1.101811060880e-03 -7.064918658118e+00 5.258149905585e-05
3                    -3.747742027412e-03 -1.170298090299e+01 9.757595717597e-05 -2.268088114478e-03 -6.790362544104e+00 -1.367397480601e-05 -1.479653912934e-03 -4.912618358889e+00 1.112499319820e-04
4                    -5.726796665380e-03 -4.334960376850e+00 1.524911980956e-04 -3.935254973152e-03 -8.968777009829e-01 2.117954209790e-07 -1.791541692228e-03 -3.438082675867e+00 1.522794026746e-04
5                    -8.812915197287e-03 -1.870900368009e+00 1.825095671017e-04 -6.305191576581e-03 8.152518077201e-01 9.819722501088e-06 -2.507723620706e-03 -2.686152175729e+00 1.726898446006e-04
6                    -9.976888932867e-03 -3.309652285753e+00 2.467658353506e-04 -6.580022474079e-03 -7.420368393851e-01 2.261037439838e-05 -3.396866458787e-03 -2.567615446368e+00 2.241554609523e-04
7                    -8.408963391469e-03 -5.551710727261e+00 3.635041688142e-04 -4.531491805317e-03 -2.802600176000e+00 4.339606077486e-05 -3.877471586152e-03 -2.749110551261e+00 3.201081080394e-04
8                    -6.344142902241e-03 -6.425696856030e+00 5.014091027788e-04 -2.571415271438e-03 -3.544781886420e+00 7.216432647766e-05 -3.772727630803e-03 -2.880914969610e+00 4.292447763012e-04
9                    -6.271833753827e-03 -5.770867345953e+00 6.131537331460e-04 -2.775952129110e-03 -2.961449645269e+00 1.038914076236e-04 -3.495881624718e-03 -2.809417700684e+00 5.092623255224e-04
10                   -8.278675642793e-03 -4.631703839437e+00 6.804297925861e-04 -4.731060109201e-03 -2.035488364432e+00 1.309744690298e-04 -3.547615533592e-03 -2.596215475005e+00 5.494553235563e-04
11                   -1.035706189096e-02 -3.954292668908e+00 7.193103926520e-04 -6.363908180410e-03 -1.567597359694e+00 1.489811414990e-04 -3.993153710555e-03 -2.386695309214e+00 5.703292511530e-04
12                   -1.069535614576e-02 -3.937610285546e+00 7.366095553051e-04 -6.226304120926e-03 -1.665699107481e+00 1.579021211945e-04 -4.469052024830e-03 -2.271911178065e+00 5.787074341106e-04
13                   -9.357804213387e-03 -4.218100117835e+00 7.429131005592e-04 -4.753879978730e-03 -1.973347838458e+00 1.601228049949e-04 -4.603924234656e-03 -2.244752279377e+00 5.827902955643e-04
14                   -7.809416276219e-03 -4.384676666846e+00 7.344778908412e-04 -3.441281772566e-03 -2.140091371413e+00 1.588701982332e-04 -4.368134503653e-03 -2.244585295433e+00 5.756076926081e-04
15                   -7.296809364428e-03 -4.301044233032e+00 7.061644595758e-04 -3.268358042436e-03 -2.078807836742e+00 1.561101849261e-04 -4.028451321992e-03 -2.222236396290e+00 5.500542746497e-04
16                   -7.797461443293e-03 -4.084429383841e+00 6.569301162111e-04 -3.950472343015e-03 -1.914455019655e+00 1.517628114064e-04 -3.846989100278e-03 -2.169974364187e+00 5.051673048047e-04
17                   -8.383466970969e-03 -3.906076005313e+00 5.926276430372e-04 -4.524508333971e-03 -1.797000292614e+00 1.448208510086e-04 -3.858958636998e-03 -2.109075712700e+00 4.478067920287e-04
18                   -8.269568442360e-03 -3.839245397001e+00 5.193063717395e-04 -4.365476655107e-03 -1.777773605003e+00 1.348682207377e-04 -3.904091787252e-03 -2.061471791999e+00 3.844381510017e-04
19                   -7.459615974515e-03 -3.846239950141e+00 4.402619082781e-04 -3.637258509958e-03 -1.813409980416e+00 1.220904732920e-04 -3.822357464556e-03 -2.032829969726e+00 3.181714349861e-04
20                   -6.526674264385e-03 -3.854184947482e+00 3.564365514365e-04 -2.934086343359e-03 -1.839418145428e+00 1.075147502647e-04 -3.592587921026e-03 -2.014766802054e+00 2.489218011718e-04
21                   -5.964193561436e-03 -3.824377731111e+00 2.683140280100e-04 -2.651569178123e-03 -1.827764727179e+00 9.218304017247e-05 -3.312624383313e-03 -1.996613003932e+00 1.761309878376e-04
22                   -5.803908487001e-03 -3.766271532141e+00 1.772586025757e-04 -2.718948072952e-03 -1.792211648852e+00 7.672901561301e-05 -3.084960414050e-03 -1.974059883289e+00 1.005295869627e-04
23                   -5.730345446116e-03 -3.709384520755e+00 8.545072034177e-05 -2.797774290262e-03 -1.759841965578e+00 6.123242230055e-05 -2.932571155854e-03 -1.949542555177e+00 2.421829804122e-05
24                   -5.455925100150e-03 -3.672173362999e+00 -4.804275027831e-06 -2.649144144345e-03 -1.744710593418e+00 4.573169895311e-05 -2.806780955804e-03 -1.927462769581e+00 -5.053597398094e-05
25                   -4.953122903552e-03 -3.652451487680e+00 -9.210767126426e-05 -2.300979546302e-03 -1.742535953197e+00 3.027482128273e-05 -2.652143357250e-03 -1.909915534483e+00 -1.223824925470e-04
26                   -4.394943873134e-03 -3.637572003879e+00 -1.759479544885e-04 -1.939431225514e-03 -1.741661041972e+00 1.505202472332e-05 -2.455512647620e-03 -1.895910961907e+00 -1.909999792118e-04
27                   -3.951416969030e-03 -3.618256780366e+00 -2.560774281628e-04 -1.707359591457e-03 -1.735005277755e+00 3.639171299585e-07 -2.244057377573e-03 -1.883251502611e+00 -2.564413452927e-04
28                   -3.652716129217e-03 -3.594088022814e+00 -3.321465725874e-04 -1.602015978952e-03 -1.723510909819e+00 -1.358348076541e-05 -2.050700150265e-03 -1.870577112995e+00 -3.185630918220e-04
29                   -3.412729327419e-03 -3.569984576789e+00 -4.036242793449e-04 -1.526532130801e-03 -1.712015931738e+00 -2.671843688867e-05 -1.886197196618e-03 -1.857968645051e+00 -3.769058424562e-04
30                   -3.139065772414e-03 -3.550072082318e+00 -4.699578792867e-04 -1.400398980498e-03 -1.703847251742e+00 -3.901385038971e-05 -1.738666791916e-03 -1.846224830575e+00 -4.309440288970e-04
31                   -2.810742816662e-03 -3.534706412546e+00 -5.308531871708e-04 -1.219155081341e-03 -1.698818108949e+00 -5.046715500714e-05 -1.591587735321e-03 -1.835888303597e+00 -4.803860321637e-04
32                   -2.470254065320e-03 -3.521646347387e+00 -5.863038462958e-04 -1.031076747506e-03 -1.694783917464e+00 -6.105071394338e-05 -1.439177317814e-03 -1.826862429923e+00 -5.252531323524e-04
33                   -2.167304132844e-03 -3.508757031799e+00 -6.364630048123e-04 -8.797928690748e-04 -1.690078736396e+00 -7.073562896817e-05 -1.287511263770e-03 -1.818678295403e+00 -5.657273758441e-04
34                   -1.916681599603e-03 -3.495537970860e+00 -6.814972756830e-04 -7.711026918193e-04 -1.684587268013e+00 -7.951756949229e-05 -1.145578907784e-03 -1.810950702847e+00 -6.019797061908e-04
35                   -1.699139994534e-03 -3.482771475895e+00 -7.215234987240e-04 -6.820067199022e-04 -1.679175088892e+00 -8.741469569040e-05 -1.017133274631e-03 -1.803596387002e+00 -6.341088030336e-04
36                   -1.488891683168e-03 -3.471319583127e+00 -7.566388250080e-04 -5.892643378838e-04 -1.674582874791e+00 -9.445279702588e-05 -8.996273452838e-04 -1.796736708336e+00 -6.621860279821e-04
37                   -1.276253325774e-03 -3.461350144166e+00 -7.869895203211e-04 -4.877090254096e-04 -1.670867624994e+00 -1.006602967336e-04 -7.885443003642e-04 -1.790482519172e+00 -6.863292235875e-04
38                   -1.068924680996e-03 -3.452426009050e+00 -8.128055454649e-04 -3.872489031681e-04 -1.667611456942e+00 -1.060672233572e-04 -6.816757778275e-04 -1.784814552108e+00 -7.067383221077e-04
39                   -8.789879275762e-04 -3.444040188892e+00 -8.343446918845e-04 -2.990841961534e-04 -1.664423966084e+00 -1.107105283788e-04 -5.799037314229e-04 -1.779616222808e+00 -7.236341635057e-04
40                   -7.113847703353e-04 -3.435997747446e+00 -8.518936410116e-04 -2.261600736619e-04 -1.661223670155e+00 -1.146337290495e-04 -4.852246966734e-04 -1.774774077291e+00 -7.372599119621e-04
41                   -5.623498354664e-04 -3.428402779018e+00 -8.657165002219e-04 -1.637663174546e-04 -1.658162982502e+00 -1.178820218652e-04 -3.985835180118e-04 -1.770239796516e+00 -7.478344783566e-04
42                   -4.252686582476e-04 -3.421416269389e+00 -8.760584259232e-04 -1.059181099662e-04 -1.655397454908e+00 -1.204987089712e-04 -3.193505482814e-04 -1.766018814482e+00 -7.555597169520e-04
43                   -2.964673183477e-04 -3.415068045737e+00 -8.831615717031e-04 -5.023642050411e-05 -1.652945601537e+00 -1.225248736006e-04 -2.462308978436e-04 -1.762122444200e+00 -7.606366981025e-04
44                   -1.764211195505e-04 -3.409251474295e+00 -8.872753047964e-04 1.919255231186e-06 -1.650715804465e+00 -1.240013853512e-04 -1.783403747817e-04 -1.758535669831e+00 -7.632739194452e-04
45                   -6.726265560226e-05 -3.403832848380e+00 -8.886537881493e-04 4.827161459221e-05 -1.648612441663e+00 -1.249706852647e-04 -1.155342701945e-04 -1.755220406716e+00 -7.636831028846e-04
46                   2.999728689502e-05 -3.398742169670e+00 -8.875456962269e-04 8.801871072625e-05 -1.646604278653e+00 -1.254758347194e-04 -5.802142383123e-05 -1.752137891017e+00 -7.620698615076e-04
47                   1.162624279227e-04 -3.393979016479e+00 -8.841860312623e-04 1.221104987096e-04 -1.644714481205e+00 -1.255584428392e-04 -5.848070786845e-06 -1.749264535274e+00 -7.586275884232e-04
48                   1.933429645956e-04 -3.389561772526e+00 -8.787946289311e-04 1.520540454345e-04 -1.642971109085e+00 -1.252574807664e-04 4.128891916114e-05 -1.746590663441e+00 -7.535371481647e-04
49                   2.626553951275e-04 -3.385483518380e+00 -8.715790449636e-04 1.787752936391e-04 -1.641373948626e+00 -1.246093067086e-04 8.388010148835e-05 -1.744109569754e+00 -7.469697382549e-04
50                   3.247432522026e-04 -3.381707713159e+00 -8.627376028974e-04 2.023868633755e-04 -1.639898249325e+00 -1.236485040723e-04 1.223563888271e-04 -1.741809463834e+00 -7.390890988251e-04
51                   3.796426545657e-04 -3.378191453889e+00 -8.524599458435e-04 2.226597856349e-04 -1.638517723823e+00 -1.224084674459e-04 1.569828689308e-04 -1.739673730066e+00 -7.300514783975e-04
52                   4.274639917894e-04 -3.374906310876e+00 -8.409254359035e-04 2.395447835505e-04 -1.637220295615e+00 -1.209211968858e-04 1.879192082389e-04 -1.737686015261e+00 -7.200042390177e-04
53                   4.686605360788e-04 -3.371840411432e+00 -8.283015052757e-04 2.533285100226e-04 -1.636006417769e+00 -1.192168026657e-04 2.153320260562e-04 -1.735833993662e+00 -7.090847026101e-04
54                   5.039136284209e-04 -3.368987284958e+00 -8.147432762773e-04 2.644632664877e-04 -1.634878174242e+00 -1.173232287767e-04 2.394503619332e-04 -1.734109110717e+00 -6.974200475007e-04
55                   5.338817222979e-04 -3.366335776075e+00 -8.003943196728e-04 2.733378350348e-04 -1.633831781620e+00 -1.152663150693e-04 2.605438872631e-04 -1.732503994455e+00 -6.851280046035e-04
56                   5.590519400605e-04 -3.363868860146e+00 -7.853877711359e-04 2.801803561871e-04 -1.632858328071e+00 -1.130700778749e-04 2.788715838734e-04 -1.731010532075e+00 -6.723176932610e-04
57                   5.797647877079e-04 -3.361568764721e+00 -7.698470265804e-04 2.851125779993e-04 -1.631948853133e+00 -1.107569053313e-04 2.946522097086e-04 -1.729619911588e+00 -6.590901212491e-04
58                   5.963180230472e-04 -3.359421571975e+00 -7.538859401779e-04 2.882475247703e-04 -1.631097786471e+00 -1.083475865356e-04 3.080704982768e-04 -1.728323785505e+00 -6.455383536423e-04
59                   6.090427041901e-04 -3.357417588102e+00 -7.376088911237e-04 2.897433211217e-04 -1.630302491646e+00 -1.058612761401e-04 3.192993830684e-04 -1.727115096456e+00 -6.317476149836e-04
60                   6.183087757373e-04 -3.355548772786e+00 -7.211110293513e-04 2.897941209465e-04 -1.629560816895e+00 -1.033155017989e-04 3.285146547908e-04 -1.725987955891e+00 -6.177955275524e-04
61                   6.244869197441e-04 -3.353806500418e+00 -7.044787488172e-04 2.885927244105e-04 -1.628869491914e+00 -1.007262207689e-04 3.358941953336e-04 -1.724937008504e+00 -6.037525280484e-04
62                   6.279065918990e-04 -3.352181293566e+00 -6.877903502758e-04 2.862979818923e-04 -1.628224309913e+00 -9.810800344967e-05 3.416086100067e-04 -1.723956983653e+00 -5.896823468262e-04
63                   6.288485324525e-04 -3.350663977646e+00 -6.711165772184e-04 2.830346336742e-04 -1.627621269415e+00 -9.547408775762e-05 3.458138987783e-04 -1.723042708231e+00 -5.756424894608e-04
64                   6.275604762595e-04 -3.349246654555e+00 -6.545210525433e-04 2.789090621271e-04 -1.627057289206e+00 -9.283644820587e-05 3.486514141324e-04 -1.722189365349e+00 -5.616846043375e-04
65                   6.242772483572e-04 -3.347922700619e+00 -6.380606526890e-04 2.740251557710e-04 -1.626530045808e+00 -9.020585694455e-05 3.502520925862e-04 -1.721392654811e+00 -5.478547957445e-04
66                   6.192297334426e-04 -3.346686139168e+00 -6.217858887846e-04 2.684895310379e-04 -1.626037407700e+00 -8.759195237709e-05 3.507402024047e-04 -1.720648731468e+00 -5.341939364075e-04
67                   6.126409185904e-04 -3.345531132936e+00 -6.057413241071e-04 2.624066958562e-04 -1.625577094513e+00 -8.500331520622e-05 3.502342227342e-04 -1.719954038423e+00 -5.207380089009e-04
68                   6.047170680571e-04 -3.344451948001e+00 -5.899660104607e-04 2.558714474304e-04 -1.625146748955e+00 -8.244754419101e-05 3.488456206267e-04 -1.719305199046e+00 -5.075184662697e-04
69                   5.956427793770e-04 -3.343443202842e+00 -5.744939079582e-04 2.489652452502e-04 -1.624744183795e+00 -7.993132525930e-05 3.466775341268e-04 -1.718699019048e+00 -4.945625826989e-04
70                   5.855828268003e-04 -3.342500047780e+00 -5.593542671477e-04 2.417582203188e-04 -1.624367511360e+00 -7.746049413057e-05 3.438246064815e-04 -1.718132536420e+00 -4.818937730171e-04
71                   5.746876413353e-04 -3.341618123168e+00 -5.445719766978e-04 2.343137830115e-04 -1.624015081940e+00 -7.504009605569e-05 3.403738583238e-04 -1.717603041228e+00 -4.695318806421e-04
72                   5.630975945999e-04 -3.340793397399e+00 -5.301678921466e-04 2.266918215921e-04 -1.623685352171e+00 -7.267444475723e-05 3.364057730078e-04 -1.717108045228e+00 -4.574934473894e-04
73                   5.509437731917e-04 -3.340022051315e+00 -5.161591573366e-04 2.189488171841e-04 -1.623376817261e+00 -7.036718020978e-05 3.319949560076e-04 -1.716645234054e+00 -4.457919771268e-04
74                   5.383463806060e-04 -3.339300470175e+00 -5.025595187962e-04 2.111360810518e-04 -1.623088031990e+00 -6.812132378289e-05 3.272102995542e-04 -1.716212438186e+00 -4.344381950133e-04
75                   5.254133747551e-04 -3.338625288676e+00 -4.893796263533e-04 2.032984079939e-04 -1.622817659428e+00 -6.593933002086e-05 3.221149667611e-04 -1.715807629248e+00 -4.234402963324e-04
76                   5.122408768351e-04 -3.337993411851e+00 -4.766273124209e-04 1.954743677254e-04 -1.622564487497e+00 -6.382313501591e-05 3.167665091096e-04 -1.715428924354e+00 -4.128041774050e-04
77                   4.989149547288e-04 -3.337401987876e+00 -4.643078501731e-04 1.876977499702e-04 -1.622327406073e+00 -6.177420198297e-05 3.112172047587e-04 -1.715074581803e+00 -4.025336481901e-04
78                   4.855133970854e-04 -3.336848361251e+00 -4.524241943090e-04 1.799988900231e-04 -1.622105374916e+00 -5.979356432254e-05 3.055145070623e-04 -1.714742986335e+00 -3.926306299865e-04
79                   4.721065499010e-04 -3.336330041932e+00 -4.409772084885e-04 1.724050992001e-04 -1.621897409168e+00 -5.788186613270e-05 2.997014507009e-04 -1.714432632763e+00 -3.830953423558e-04
80                   4.587573433662e-04 -3.335844698778e+00 -4.299658806959e-04 1.649403970795e-04 -1.621702583320e+00 -5.603940019286e-05 2.938169462867e-04 -1.714142115458e+00 -3.739264805030e-04
81                   4.455212279297e-04 -3.335390162004e+00 -4.193875254983e-04 1.576252340745e-04 -1.621520038373e+00 -5.426614355283e-05 2.878959938551e-04 -1.713870123631e+00 -3.651213819455e-04
82                   4.324465467727e-04 -3.334964418292e+00 -4.092379719081e-04 1.504766614824e-04 -1.621348980487e+00 -5.256179087104e-05 2.819698852903e-04 -1.713615437805e+00 -3.566761810371e-04
83                   4.195753075639e-04 -3.334565595762e+00 -3.995117368133e-04 1.435088671417e-04 -1.621188671704e+00 -5.092578553889e-05 2.760664404221e-04 -1.713376924058e+00 -3.485859512744e-04
84                   4.069439822745e-04 -3.334191947472e+00 -3.902021854103e-04 1.367337093395e-04 -1.621038421044e+00 -4.935734860953e-05 2.702102729350e-04 -1.713153526428e+00 -3.408448368007e-04
85                   3.945840507525e-04 -3.333841840174e+00 -3.813016800255e-04 1.301609965028e-04 -1.620897580354e+00 -4.785550557121e-05 2.644230542496e-04 -1.712944259820e+00 -3.334461744543e-04
86                   3.825223016137e-04 -3.333513748555e+00 -3.728017182178e-04 1.237985529800e-04 -1.620765543770e+00 -4.641911111064e-05 2.587237486337e-04 -1.712748204785e+00 -3.263826071072e-04
87                   3.707810733320e-04 -3.333206250601e+00 -3.646930606340e-04 1.176522578261e-04 -1.620641746940e+00 -4.504687207543e-05 2.531288155059e-04 -1.712564503661e+00 -3.196461885585e-04
88                   3.593785834161e-04 -3.332918021182e+00 -3.569658481317e-04 1.117261911255e-04 -1.620525664287e+00 -4.373736864671e-05 2.476523922906e-04 -1.712392356895e+00 -3.132284794850e-04
89                   3.483293499276e-04 -3.332647824027e+00 -3.496097091049e-04 1.060228766655e-04 -1.620416805068e+00 -4.248907385246e-05 2.423064732621e-04 -1.712231018958e+00 -3.071206352524e-04
90                   3.376446100174e-04 -3.332394504173e+00 -3.426138575584e-04 1.005435197780e-04 -1.620314710025e+00 -4.130037148037e-05 2.371010902395e-04 -1.712079794148e+00 -3.013134860780e-04
91                   3.273326621033e-04 -3.332156982150e+00 -3.359671826586e-04 9.528817244600e-05 -1.620218949335e+00 -4.016957245595e-05 2.320444896573e-04 -1.711938032814e+00 -2.957976102027e-04
92                   3.173991323660e-04 -3.331934249493e+00 -3.296583303394e-04 9.025583473023e-05 -1.620129121276e+00 -3.909492979137e-05 2.271432976358e-04 -1.711805128217e+00 -2.905634005480e-04
93                   3.078472090603e-04 -3.331725364486e+00 -3.236757773602e-04 8.544454012992e-05 -1.620044850710e+00 -3.807465219821e-05 2.224026689304e-04 -1.711680513775e+00 -2.856011251620e-04
94                   2.986778870309e-04 -3.331529447596e+00 -3.180078982380e-04 8.085146481211e-05 -1.619965787164e+00 -3.710691646677e-05 2.178264222188e-04 -1.711563660432e+00 -2.809009817713e-04
95                   2.898902208932e-04 -3.331345676851e+00 -3.126430253918e-04 7.647305349102e-05 -1.619891602828e+00 -3.618987865567e-05 2.134171674022e-04 -1.711454074024e+00 -2.764531467361e-04
96                   2.814815652704e-04 -3.331173283797e+00 -3.075695030507e-04 7.230513771495e-05 -1.619821990999e+00 -3.532168417308e-05 2.091764275555e-04 -1.711351292798e+00 -2.722478188777e-04
97                   2.734477856390e-04 -3.331011549710e+00 -3.027757353442e-04 6.834303046928e-05 -1.619756664554e+00 -3.450047681769e-05 2.051047551697e-04 -1.711254885157e+00 -2.682752585265e-04
98                   2.657834411893e-04 -3.330859802442e+00 -2.982502290911e-04 6.458160088305e-05 -1.619695354827e+00 -3.372440686628e-05 2.012018403063e-04 -1.711164447615e+00 -2.645258222248e-04
99                   2.584819508537e-04 -3.330717413481e+00 -2.939816315421e-04 6.101534141301e-05 -1.619637810530e+00 -3.299163827070e-05 1.974666094407e-04 -1.711079602950e+00 -2.609899932714e-04
100                  2.515357510460e-04 -3.330583795037e+00 -2.899587634397e-04 5.763843546132e-05 -1.619583796573e+00 -3.230035502380e-05 1.938973155847e-04 -1.710999998465e+00 -2.576584084159e-04
101                  2.449364458379e-04 -3.330458397215e+00 -2.861706478178e-04 5.444482448919e-05 -1.619533092894e+00 -3.164876674727e-05 1.904916213487e-04 -1.710925304321e+00 -2.545218810705e-04
102                  2.386749457139e-04 -3.330340705277e+00 -2.826065347738e-04 5.142826924112e-05 -1.619485493300e+00 -3.103511356647e-05 1.872466764728e-04 -1.710855211977e+00 -2.515714212073e-04
103                  2.327415918725e-04 -3.330230237430e+00 -2.792559225943e-04 4.858240184991e-05 -1.619440804686e+00 -3.045767032278e-05 1.841591900226e-04 -1.710789432744e+00 -2.487982522715e-04
104                  2.271262668255e-04 -3.330126542759e+00 -2.761085755501e-04 4.590077002978e-05 -1.619398846275e+00 -2.991475018632e-05 1.812254967957e-04 -1.710727696484e+00 -2.461938253638e-04
105                  2.218184940984e-04 -3.330029199229e+00 -2.731545386018e-04 4.337687644031e-05 -1.619359448825e+00 -2.940470770940e-05 1.784416176581e-04 -1.710669750405e+00 -2.437498308924e-04
106                  2.168075293438e-04 -3.329937811736e+00 -2.703841492888e-04 4.100421520456e-05 -1.619322453826e+00 -2.892594136625e-05 1.758033141393e-04 -1.710615357910e+00 -2.414582079226e-04
107                  2.120824435387e-04 -3.329852010272e+00 -2.677880470495e-04 3.877630549592e-05 -1.619287712749e+00 -2.847689562513e-05 1.733061380428e-04 -1.710564297523e+00 -2.393111514244e-04
108                  2.076321979782e-04 -3.329771448271e+00 -2.653571802148e-04 3.668672123500e-05 -1.619255086393e+00 -2.805606259240e-05 1.709454767432e-04 -1.710516361877e+00 -2.373011176224e-04
109                  2.034457108634e-04 -3.329695801102e+00 -2.630828108910e-04 3.472911641589e-05 -1.619224444311e+00 -2.766198326934e-05 1.687165944475e-04 -1.710471356791e+00 -2.354208276217e-04
110                  1.995119160470e-04 -3.329624764657e+00 -2.609565179396e-04 3.289724660006e-05 -1.619195664252e+00 -2.729324845901e-05 1.666146694469e-04 -1.710429100405e+00 -2.336632694806e-04
111                  1.958198148259e-04 -3.329558054043e+00 -2.589701982423e-04 3.118498740640e-05 -1.619168631659e+00 -2.694849935125e-05 1.646348274195e-04 -1.710389422384e+00 -2.320216988911e-04
112                  1.923585216549e-04 -3.329495402330e+00 -2.571160664340e-04 2.958635059434e-05 -1.619143239160e+00 -2.662642782442e-05 1.627721710605e-04 -1.710352163170e+00 -2.304896386096e-04
113                  1.891173042932e-04 -3.329436559367e+00 -2.553866532719e-04 2.809549786099e-05 -1.619119386091e+00 -2.632577649092e-05 1.610218064322e-04 -1.710317173276e+00 -2.290608767810e-04
114                  1.860856186847e-04 -3.329381290687e+00 -2.537748027945e-04 2.670675230294e-05 -1.619096978058e+00 -2.604533851303e-05 1.593788663818e-04 -1.710284312629e+00 -2.277294642815e-04
115                  1.832531388495e-04 -3.329329376505e+00 -2.522736684132e-04 2.541460760891e-05 -1.619075926540e+00 -2.578395721708e-05 1.578385312405e-04 -1.710253449965e+00 -2.264897111961e-04
116                  1.806097821648e-04 -3.329280610788e+00 -2.508767080741e-04 2.421373522926e-05 -1.619056148527e+00 -2.554052552770e-05 1.563960469356e-04 -1.710224462261e+00 -2.253361825464e-04
117                  1.781457304893e-04 -3.329234800373e+00 -2.495776786103e-04 2.309898983016e-05 -1.619037566171e+00 -2.531398524461e-05 1.550467406591e-04 -1.710197234203e+00 -2.242636933657e-04
118                  1.758514475727e-04 -3.329191764151e+00 -2.483706293970e-04 2.206541327532e-05 -1.619020106455e+00 -2.510332618400e-05 1.537860342974e-04 -1.710171657696e+00 -2.232673032130e-04
119                  1.737176931037e-04 -3.329151332283e+00 -2.472498954209e-04 2.110823725363e-05 -1.619003700886e+00 -2.490758520107e-05 1.526094558501e-04 -1.710147631397e+00 -2.223423102198e-04
120                  1.717355336902e-04 -3.329113345489e+00 -2.462100898460e-04 2.022288464842e-05 -1.618988285206e+00 -2.472584511282e-05 1.515126490418e-04 -1.710125060283e+00 -2.214842447332e-04
121                  1.698963510445e-04 -3.329077654382e+00 -2.452460961814e-04 1.940496976707e-05 -1.618973799131e+00 -2.455723353512e-05 1.504913812774e-04 -1.710103855251e+00 -2.206888626463e-04
122                  1.681918476325e-04 -3.329044118841e+00 -2.443530601187e-04 1.865029756284e-05 -1.618960186101e+00 -2.440092165154e-05 1.495415500697e-04 -1.710083932740e+00 -2.199521384672e-04
123                  1.666140500636e-04 -3.329012607416e+00 -2.435263811130e-04 1.795486200024e-05 -1.618947393039e+00 -2.425612292414e-05 1.486591880634e-04 -1.710065214378e+00 -2.192702581888e-04
124                  1.651553104657e-04 -3.328982996784e+00 -2.427617037796e-04 1.731484366856e-05 -1.618935370134e+00 -2.412209176053e-05 1.478404667972e-04 -1.710047626650e+00 -2.186396120191e-04
125                  1.638083060942e-04 -3.328955171235e+00 -2.420549091580e-04 1.672660675284e-05 -1.618924070637e+00 -2.399812214648e-05 1.470816993413e-04 -1.710031100597e+00 -2.180567870115e-04
126                  1.625660373749e-04 -3.328929022197e+00 -2.414021059044e-04 1.618669543844e-05 -1.618913450673e+00 -2.388354625521e-05 1.463793419364e-04 -1.710015571524e+00 -2.175185596492e-04
127                  1.614218245605e-04 -3.328904447787e+00 -2.407996214567e-04 1.569182982639e-05 -1.618903469057e+00 -2.377773304302e-05 1.457299947341e-04 -1.710000978730e+00 -2.170218884136e-04
128                  1.603693031704e-04 -3.328881352391e+00 -2.402439932123e-04 1.523890143677e-05 -1.618894087129e+00 -2.368008683518e-05 1.451304017337e-04 -1.709987265261e+00 -2.165639063771e-04
129                  1.594024183837e-04 -3.328859646271e+00 -2.397319597668e-04 1.482496837914e-05 -1.618885268599e+00 -2.359004591529e-05 1.445774500046e-04 -1.709974377672e+00 -2.161419138515e-04
130                  1.585154185344e-04 -3.328839245199e+00 -2.392604522350e-04 1.444725025525e-05 -1.618876979392e+00 -2.350708111995e-05 1.440681682791e-04 -1.709962265807e+00 -2.157533711151e-04
131                  1.577028478571e-04 -3.328820070110e+00 -2.388265856922e-04 1.410312285137e-05 -1.618869187518e+00 -2.343069444607e-05 1.435997250057e-04 -1.709950882592e+00 -2.153958912461e-04
132                  1.569595385989e-04 -3.328802046782e+00 -2.384276507605e-04 1.379011266649e-05 -1.618861862938e+00 -2.336041767595e-05 1.431694259324e-04 -1.709940183844e+00 -2.150672330846e-04
133                  1.562806026133e-04 -3.328785105537e+00 -2.380611053584e-04 1.350589132730e-05 -1.618854977447e+00 -2.329581102362e-05 1.427747112860e-04 -1.709930128090e+00 -2.147652943348e-04
134                  1.556614225331e-04 -3.328769180954e+00 -2.377245666352e-04 1.324826992603e-05 -1.618848504558e+00 -2.323646180710e-05 1.424131526070e-04 -1.709920676397e+00 -2.144881048281e-04
135                  1.550976426152e-04 -3.328754211611e+00 -2.374158031097e-04 1.301519331934e-05 -1.618842419394e+00 -2.318198314916e-05 1.420824492958e-04 -1.709911792216e+00 -2.142338199605e-04
136                  1.545851593501e-04 -3.328740139829e+00 -2.371327270199e-04 1.280473443151e-05 -1.618836698595e+00 -2.313201270940e-05 1.417804249186e-04 -1.709903441233e+00 -2.140007143105e-04
137                  1.541201119129e-04 -3.328726911449e+00 -2.368733868976e-04 1.261508858613e-05 -1.618831320219e+00 -2.308621145056e-05 1.415050233268e-04 -1.709895591230e+00 -2.137871754470e-04
138                  1.536988725121e-04 -3.328714475607e+00 -2.366359603802e-04 1.244456788507e-05 -1.618826263655e+00 -2.304426243965e-05 1.412543046270e-04 -1.709888211952e+00 -2.135916979406e-04
139                  1.533180367067e-04 -3.328702784538e+00 -2.364187472593e-04 1.229159566575e-05 -1.618821509545e+00 -2.300586968720e-05 1.410264410410e-04 -1.709881274993e+00 -2.134128775721e-04
140                  1.529744137410e-04 -3.328691793378e+00 -2.362201627764e-04 1.215470105320e-05 -1.618817039703e+00 -2.297075702309e-05 1.408197126878e-04 -1.709874753675e+00 -2.132494057533e-04
141                  1.526650169385e-04 -3.328681459990e+00 -2.360387311643e-04 1.203251361960e-05 -1.618812837047e+00 -2.293866701364e-05 1.406325033189e-04 -1.709868622944e+00 -2.131000641506e-04
142                  1.523870542066e-04 -3.328671744794e+00 -2.358730794407e-04 1.192375817242e-05 -1.618808885525e+00 -2.290935991589e-05 1.404632960342e-04 -1.709862859269e+00 -2.129637195248e-04
143                  1.521379186818e-04 -3.328662610612e+00 -2.357219314513e-04 1.182724967996e-05 -1.618805170062e+00 -2.288261267408e-05 1.403106690019e-04 -1.709857440550e+00 -2.128393187773e-04
144                  1.519151795539e-04 -3.328654022516e+00 -2.355841021586e-04 1.174188834704e-05 -1.618801676489e+00 -2.285821795434e-05 1.401732912069e-04 -1.709852346027e+00 -2.127258842042e-04
145                  1.517165730849e-04 -3.328645947698e+00 -2.354584921818e-04 1.166665484324e-05 -1.618798391497e+00 -2.283598322048e-05 1.400499182417e-04 -1.709847556202e+00 -2.126225089613e-04
146                  1.515399938465e-04 -3.328638355333e+00 -2.353440825763e-04 1.160060568715e-05 -1.618795302578e+00 -2.281572984936e-05 1.399393881593e-04 -1.709843052756e+00 -2.125283527269e-04
147                  1.513834862050e-04 -3.328631216460e+00 -2.352399298571e-04 1.154286880542e-05 -1.618792397980e+00 -2.279729228455e-05 1.398406173995e-04 -1.709838818480e+00 -2.124426375725e-04
148                  1.512452360559e-04 -3.328624503870e+00 -2.351451612541e-04 1.149263925269e-05 -1.618789666660e+00 -2.278051722923e-05 1.397525968032e-04 -1.709834837210e+00 -2.123646440248e-04
149                  1.511235628306e-04 -3.328618191996e+00 -2.350589702002e-04 1.144917510768e-05 -1.618787098240e+00 -2.276526287731e-05 1.396743877229e-04 -1.709831093756e+00 -2.122937073229e-04
150                  1.510169117837e-04 -3.328612256814e+00 -2.349806120444e-04 1.141179354418e-05 -1.618784682967e+00 -2.275139818197e-05 1.396051182395e-04 -1.709827573847e+00 -2.122292138625e-04
151                  1.509238465507e-04 -3.328606675752e+00 -2.349093999803e-04 1.137986705967e-05 -1.618782411676e+00 -2.273880215856e-05 1.395439794910e-04 -1.709824264076e+00 -2.121705978217e-04
152                  1.508430420077e-04 -3.328601427596e+00 -2.348447011921e-04 1.135281988913e-05 -1.618780275754e+00 -2.272736322551e-05 1.394902221186e-04 -1.709821151842e+00 -2.121173379666e-04
153                  1.507732774130e-04 -3.328596492411e+00 -2.347859332037e-04 1.133012457778e-05 -1.618778267103e+00 -2.271697857797e-05 1.394431528352e-04 -1.709818225309e+00 -2.120689546257e-04
154                  1.507134298474e-04 -3.328591851464e+00 -2.347325604255e-04 1.131129872754e-05 -1.618776378115e+00 -2.270755359460e-05 1.394021311198e-04 -1.709815473349e+00 -2.120250068309e-04
155                  1.506624679378e-04 -3.328587487148e+00 -2.346840908971e-04 1.129590189941e-05 -1.618774601638e+00 -2.269900127772e-05 1.393665660384e-04 -1.709812885510e+00 -2.119850896194e-04
156                  1.506194458733e-04 -3.328583382916e+00 -2.346400732105e-04 1.128353268019e-05 -1.618772930949e+00 -2.269124172319e-05 1.393359131931e-04 -1.709810451967e+00 -2.119488314873e-04
157                  1.505834977029e-04 -3.328579523214e+00 -2.346000936150e-04 1.127382590137e-05 -1.618771359730e+00 -2.268420162155e-05 1.393096718015e-04 -1.709808163485e+00 -2.119158919935e-04
158                  1.505557213375e-04 -3.328575924724e+00 -2.345654987470e-04 1.126807703013e-05 -1.618769906708e+00 -2.267815585341e-05 1.392876443074e-04 -1.709806018016e+00 -2.118873428936e-04
159                  1.505339362264e-04 -3.328572538676e+00 -2.345339845756e-04 1.126421042956e-05 -1.618768537758e+00 -2.267271755069e-05 1.392697257968e-04 -1.709804000918e+00 -2.118612670249e-04
160                  1.505156934599e-04 -3.328569336230e+00 -2.345051140280e-04 1.126069800356e-05 -1.618767234436e+00 -2.266768848364e-05 1.392549954563e-04 -1.709802101794e+00 -2.118374255444e-04
161                  1.505003527423e-04 -3.328566310052e+00 -2.344786367011e-04 1.125769832706e-05 -1.618765996824e+00 -2.266302357551e-05 1.392426544152e-04 -1.709800313229e+00 -2.118156131256e-04
162                  1.504885348336e-04 -3.328563461640e+00 -2.344543856409e-04 1.125616751167e-05 -1.618764831778e+00 -2.265873506641e-05 1.392323673219e-04 -1.709798629862e+00 -2.117956505745e-04
163                  1.504806685281e-04 -3.328560788343e+00 -2.344322007243e-04 1.125655876426e-05 -1.618763741519e+00 -2.265482782460e-05 1.392241097639e-04 -1.709797046824e+00 -2.117773728997e-04
164                  1.504759846420e-04 -3.328558280266e+00 -2.344119118052e-04 1.125816817354e-05 -1.618762721633e+00 -2.265128618437e-05 1.392178164684e-04 -1.709795558633e+00 -2.117606256208e-04
165                  1.504740085105e-04 -3.328555921697e+00 -2.343933299491e-04 1.126073362022e-05 -1.618761762440e+00 -2.264806336044e-05 1.392132748903e-04 -1.709794159258e+00 -2.117452665887e-04
166                  1.504738571532e-04 -3.328553700547e+00 -2.343762819787e-04 1.126363050195e-05 -1.618760857671e+00 -2.264511923938e-05 1.392102266512e-04 -1.709792842876e+00 -2.117311627393e-04
167                  1.504750462682e-04 -3.328551608818e+00 -2.343606113002e-04 1.126665719858e-05 -1.618760004503e+00 -2.264241966127e-05 1.392083890696e-04 -1.709791604316e+00 -2.117181916389e-04
168                  1.504774820400e-04 -3.328549640806e+00 -2.343461784542e-04 1.126993382813e-05 -1.618759201703e+00 -2.263993793225e-05 1.392075482119e-04 -1.709790439103e+00 -2.117062405219e-04
169                  1.504811667131e-04 -3.328547790637e+00 -2.343328595958e-04 1.127359624302e-05 -1.618758447490e+00 -2.263765279528e-05 1.392075704701e-04 -1.709789343147e+00 -2.116952068005e-04
170                  1.504859713098e-04 -3.328546051344e+00 -2.343205440667e-04 1.127761357655e-05 -1.618757738889e+00 -2.263554588394e-05 1.392083577333e-04 -1.709788312456e+00 -2.116849981827e-04
171                  1.504917127824e-04 -3.328544416351e+00 -2.343092018470e-04 1.128206722469e-05 -1.618757073174e+00 -2.263361175678e-05 1.392096455577e-04 -1.709787343177e+00 -2.116755900902e-04
172                  1.504981621421e-04 -3.328542877745e+00 -2.342986852608e-04 1.128654235820e-05 -1.618756446365e+00 -2.263182649503e-05 1.392116197839e-04 -1.709786431380e+00 -2.116668587658e-04
173                  1.505048752802e-04 -3.328541429329e+00 -2.342888876797e-04 1.129076896167e-05 -1.618755855785e+00 -2.263016814602e-05 1.392141063185e-04 -1.709785573543e+00 -2.116587195337e-04
174                  1.505116327316e-04 -3.328540066378e+00 -2.342797321576e-04 1.129474803686e-05 -1.618755299851e+00 -2.262862203006e-05 1.392168846947e-04 -1.709784766527e+00 -2.116511101275e-04
175                  1.505184642948e-04 -3.328538784590e+00 -2.342711563201e-04 1.129863824678e-05 -1.618754777155e+00 -2.262717793464e-05 1.392198260480e-04 -1.709784007435e+00 -2.116439783855e-04
176                  1.505254708718e-04 -3.328537579377e+00 -2.342631050993e-04 1.130255802306e-05 -1.618754285897e+00 -2.262582699647e-05 1.392229128487e-04 -1.709783293480e+00 -2.116372781028e-04
177                  1.505326398730e-04 -3.328536445920e+00 -2.342555281489e-04 1.130647791601e-05 -1.618753823970e+00 -2.262456042396e-05 1.392261619570e-04 -1.709782621950e+00 -2.116309677249e-04
178                  1.505398144560e-04 -3.328535379619e+00 -2.342483795452e-04 1.131026548568e-05 -1.618753389356e+00 -2.262336961806e-05 1.392295489704e-04 -1.709781990262e+00 -2.116250099271e-04
179                  1.505468024674e-04 -3.328534376380e+00 -2.342416179332e-04 1.131380473487e-05 -1.618752980357e+00 -2.262224667224e-05 1.392329977326e-04 -1.709781396023e+00 -2.116193712610e-04
180                  1.505534933518e-04 -3.328533432569e+00 -2.342352063672e-04 1.131707084376e-05 -1.618752595546e+00 -2.262118463878e-05 1.392364225081e-04 -1.709780837023e+00 -2.116140217284e-04
181                  1.505598832441e-04 -3.328532544791e+00 -2.342291118994e-04 1.132011331038e-05 -1.618752233594e+00 -2.262017749149e-05 1.392397699338e-04 -1.709780311197e+00 -2.116089344079e-04
182                  1.505660122021e-04 -3.328531709753e+00 -2.342233051886e-04 1.132298688253e-05 -1.618751893166e+00 -2.261921996330e-05 1.392430253196e-04 -1.709779816587e+00 -2.116040852253e-04
183                  1.505718892814e-04 -3.328530924274e+00 -2.342177602250e-04 1.132570020719e-05 -1.618751572944e+00 -2.261830740852e-05 1.392461890742e-04 -1.709779351330e+00 -2.115994528165e-04
184                  1.505774714128e-04 -3.328530185358e+00 -2.342124540886e-04 1.132821924700e-05 -1.618751271689e+00 -2.261743572143e-05 1.392492521658e-04 -1.709778913668e+00 -2.115950183672e-04
185                  1.505826978648e-04 -3.328529490227e+00 -2.342073666524e-04 1.133050672217e-05 -1.618750988272e+00 -2.261660128244e-05 1.392521911427e-04 -1.709778501955e+00 -2.115907653700e-04
186                  1.505875344210e-04 -3.328528836304e+00 -2.342024802290e-04 1.133255425172e-05 -1.618750721650e+00 -2.261580090135e-05 1.392549801693e-04 -1.709778114654e+00 -2.115866793276e-04
187                  1.505919866862e-04 -3.328528221157e+00 -2.341977792485e-04 1.133438268540e-05 -1.618750470837e+00 -2.261503176393e-05 1.392576040008e-04 -1.709777750320e+00 -2.115827474846e-04
188                  1.505960797084e-04 -3.328527642482e+00 -2.341932500231e-04 1.133601945645e-05 -1.618750234889e+00 -2.261429139300e-05 1.392600602519e-04 -1.709777407593e+00 -2.115789586301e-04
189                  1.505998305387e-04 -3.328527098104e+00 -2.341888805789e-04 1.133747835011e-05 -1.618750012918e+00 -2.261357762043e-05 1.392623521885e-04 -1.709777085186e+00 -2.115753029585e-04
190                  1.506032387603e-04 -3.328526585980e+00 -2.341846605027e-04 1.133875775571e-05 -1.618749804092e+00 -2.261288856498e-05 1.392644810046e-04 -1.709776781888e+00 -2.115717719377e-04
191                  1.506062971522e-04 -3.328526104200e+00 -2.341805807629e-04 1.133985302611e-05 -1.618749607636e+00 -2.261222259914e-05 1.392664441261e-04 -1.709776496564e+00 -2.115683581638e-04
192                  1.506090068329e-04 -3.328525650968e+00 -2.341766335127e-04 1.134076802874e-05 -1.618749422820e+00 -2.261157831385e-05 1.392682388042e-04 -1.709776228148e+00 -2.115650551989e-04
193                  1.506113822342e-04 -3.328525224589e+00 -2.341728119143e-04 1.134151628508e-05 -1.618749248951e+00 -2.261095448486e-05 1.392698659491e-04 -1.709775975638e+00 -2.115618574294e-04
194                  1.506134444855e-04 -3.328524823467e+00 -2.341691100018e-04 1.134211387523e-05 -1.618749085376e+00 -2.261035004841e-05 1.392713306103e-04 -1.709775738091e+00 -2.115587599534e-04
195                  1.506152122719e-04 -3.328524446099e+00 -2.341655225789e-04 1.134257267077e-05 -1.618748931483e+00 -2.260976408278e-05 1.392726396012e-04 -1.709775514616e+00 -2.115557584961e-04
196                  1.506166985989e-04 -3.328524091078e+00 -2.341620451250e-04 1.134289947581e-05 -1.618748786700e+00 -2.260919579328e-05 1.392737991231e-04 -1.709775304378e+00 -2.115528493317e-04
197                  1.506177438037e-04 -3.328523755631e+00 -2.341586753122e-04 1.134294360207e-05 -1.618748649043e+00 -2.260864556841e-05 1.392748002016e-04 -1.709775106588e+00 -2.115500297438e-04
198                  1.506186746016e-04 -3.328523441381e+00 -2.341554068403e-04 1.134302540882e-05 -1.618748520814e+00 -2.260811030211e-05 1.392756491927e-04 -1.709774920568e+00 -2.115472965382e-04
199                  1.506194833482e-04 -3.328523146589e+00 -2.341522365694e-04 1.134309776725e-05 -1.618748400940e+00 -2.260759012923e-05 1.392763855810e-04 -1.709774745649e+00 -2.115446464402e-04
200                  1.506203117115e-04 -3.328522882092e+00 -2.341488590052e-04 1.134319752884e-05 -1.618748300174e+00 -2.260702992207e-05 1.392771141826e-04 -1.709774581918e+00 -2.115418290831e-04
201                  1.506209129263e-04 -3.328522631564e+00 -2.341459211799e-04 1.134309889592e-05 -1.618748202938e+00 -2.260648502389e-05 1.392778140304e-04 -1.709774428625e+00 -2.115394361560e-04
202                  1.506211053539e-04 -3.328522386472e+00 -2.341432133609e-04 1.134268124683e-05 -1.618748102794e+00 -2.260596942893e-05 1.392784241071e-04 -1.709774283678e+00 -2.115372439320e-04
203                  1.506209469241e-04 -3.328522149172e+00 -2.341406448928e-04 1.134210282580e-05 -1.618748002937e+00 -2.260548787708e-05 1.392788440983e-04 -1.709774146235e+00 -2.115351570157e-04
204                  1.506206795730e-04 -3.328521925693e+00 -2.341381741242e-04 1.134160676239e-05 -1.618747909219e+00 -2.260504233170e-05 1.392790728106e-04 -1.709774016475e+00 -2.115331317925e-04
205                  1.506204544605e-04 -3.328521718953e+00 -2.341357789168e-04 1.134126891927e-05 -1.618747824302e+00 -2.260463049461e-05 1.392791855412e-04 -1.709773894652e+00 -2.115311484222e-04
206                  1.506202091612e-04 -3.328521527314e+00 -2.341334454382e-04 1.134096362287e-05 -1.618747746808e+00 -2.260424571823e-05 1.392792455383e-04 -1.709773780506e+00 -2.115291997199e-04
207                  1.506197854549e-04 -3.328521347290e+00 -2.341311654672e-04 1.134052723074e-05 -1.618747673954e+00 -2.260387962816e-05 1.392792582242e-04 -1.709773673336e+00 -2.115272858390e-04
208                  1.506191062019e-04 -3.328521176520e+00 -2.341289356991e-04 1.133991226401e-05 -1.618747604118e+00 -2.260352529579e-05 1.392791939379e-04 -1.709773572403e+00 -2.115254104033e-04
209                  1.506182292780e-04 -3.328521014594e+00 -2.341267564585e-04 1.133919568649e-05 -1.618747537373e+00 -2.260317893266e-05 1.392790335915e-04 -1.709773477221e+00 -2.115235775259e-04
210                  1.506172685616e-04 -3.328520862022e+00 -2.341246299270e-04 1.133848014900e-05 -1.618747474476e+00 -2.260283967206e-05 1.392787884126e-04 -1.709773387546e+00 -2.115217902549e-04
211                  1.506162927409e-04 -3.328520718980e+00 -2.341225586652e-04 1.133780687247e-05 -1.618747415781e+00 -2.260250823452e-05 1.392784858684e-04 -1.709773303199e+00 -2.115200504307e-04
212                  1.506152946777e-04 -3.328520584890e+00 -2.341205448178e-04 1.133714842343e-05 -1.618747360965e+00 -2.260218558120e-05 1.392781462543e-04 -1.709773223925e+00 -2.115183592366e-04
213                  1.506142328444e-04 -3.328520458813e+00 -2.341185899014e-04 1.133645935956e-05 -1.618747309425e+00 -2.260187221625e-05 1.392777734849e-04 -1.709773149388e+00 -2.115167176852e-04
214                  1.506131134807e-04 -3.328520341967e+00 -2.341167525670e-04 1.133568164978e-05 -1.618747262599e+00 -2.260159162967e-05 1.392774318309e-04 -1.709773079368e+00 -2.115151609373e-04
215                  1.506119423906e-04 -3.328520231151e+00 -2.341149402065e-04 1.133494058508e-05 -1.618747217815e+00 -2.260131319681e-05 1.392770018055e-04 -1.709773013336e+00 -2.115136270096e-04
216                  1.506107813977e-04 -3.328520125292e+00 -2.341131639148e-04 1.133423286794e-05 -1.618747174304e+00 -2.260103319796e-05 1.392765485298e-04 -1.709772950988e+00 -2.115121307168e-04
217                  1.506095606190e-04 -3.328520024936e+00 -2.341114389651e-04 1.133349954779e-05 -1.618747132686e+00 -2.260075531543e-05 1.392760610712e-04 -1.709772892250e+00 -2.115106836497e-04
218                  1.506082490041e-04 -3.328519930788e+00 -2.341097740470e-04 1.133272206337e-05 -1.618747093735e+00 -2.260048370042e-05 1.392755269407e-04 -1.709772837053e+00 -2.115092903466e-04
219                  1.506069012027e-04 -3.328519842829e+00 -2.341081716574e-04 1.133194247557e-05 -1.618747057596e+00 -2.260022097056e-05 1.392749587272e-04 -1.709772785234e+00 -2.115079506868e-04
220                  1.506055890757e-04 -3.328519760418e+00 -2.341066310404e-04 1.133120541480e-05 -1.618747023875e+00 -2.259996813819e-05 1.392743836609e-04 -1.709772736544e+00 -2.115066629022e-04
221                  1.506043313645e-04 -3.328519682829e+00 -2.341051506850e-04 1.133051084894e-05 -1.618746992102e+00 -2.259972521090e-05 1.392738205156e-04 -1.709772690727e+00 -2.115054254741e-04
222                  1.506030938584e-04 -3.328519609622e+00 -2.341037293759e-04 1.132982517683e-05 -1.618746962040e+00 -2.259949182712e-05 1.392732686816e-04 -1.709772647583e+00 -2.115042375488e-04
223                  1.506018379659e-04 -3.328519540634e+00 -2.341023661231e-04 1.132912205250e-05 -1.618746933668e+00 -2.259926765347e-05 1.392727159134e-04 -1.709772606967e+00 -2.115030984696e-04
224                  1.506005613696e-04 -3.328519475766e+00 -2.341010597409e-04 1.132840795429e-05 -1.618746907006e+00 -2.259905247323e-05 1.392721534153e-04 -1.709772568760e+00 -2.115020072677e-04
225                  1.505992953362e-04 -3.328519414826e+00 -2.340998086659e-04 1.132771135999e-05 -1.618746881992e+00 -2.259884609560e-05 1.392715839762e-04 -1.709772532834e+00 -2.115009625703e-04
226                  1.505981567170e-04 -3.328519356632e+00 -2.340986032622e-04 1.132713210995e-05 -1.618746857612e+00 -2.259863907678e-05 1.392710246071e-04 -1.709772499020e+00 -2.114999641854e-04
227                  1.505968852286e-04 -3.328519303486e+00 -2.340974628863e-04 1.132641176406e-05 -1.618746836265e+00 -2.259845404426e-05 1.392704734645e-04 -1.709772467221e+00 -2.114990088420e-04
228                  1.505956810152e-04 -3.328519253289e+00 -2.340963713618e-04 1.132575983186e-05 -1.618746815902e+00 -2.259827572859e-05 1.392699211834e-04 -1.709772437387e+00 -2.114980956332e-04
229                  1.505946619423e-04 -3.328519204983e+00 -2.340953198783e-04 1.132527138149e-05 -1.618746795697e+00 -2.259809628613e-05 1.392693905608e-04 -1.709772409286e+00 -2.114972235921e-04
230                  1.505935813431e-04 -3.328519159357e+00 -2.340943180642e-04 1.132469988942e-05 -1.618746776603e+00 -2.259792643183e-05 1.392688814537e-04 -1.709772382754e+00 -2.114963916324e-04
231                  1.505923533459e-04 -3.328519117931e+00 -2.340933719303e-04 1.132398996434e-05 -1.618746760105e+00 -2.259777423030e-05 1.392683633815e-04 -1.709772357826e+00 -2.114955977000e-04
232                  1.505912757702e-04 -3.328519077777e+00 -2.340924608457e-04 1.132343514988e-05 -1.618746743339e+00 -2.259761899476e-05 1.392678406204e-04 -1.709772334438e+00 -2.114948418510e-04
233                  1.505902604136e-04 -3.328519040235e+00 -2.340915941384e-04 1.132292055570e-05 -1.618746727825e+00 -2.259747258324e-05 1.392673398579e-04 -1.709772312410e+00 -2.114941215552e-04
234                  1.505892827560e-04 -3.328519005037e+00 -2.340907695786e-04 1.132242261744e-05 -1.618746713354e+00 -2.259733373300e-05 1.392668601386e-04 -1.709772291683e+00 -2.114934358456e-04
235                  1.505883363186e-04 -3.328518972012e+00 -2.340899853448e-04 1.132193868328e-05 -1.618746699818e+00 -2.259720188524e-05 1.392663976353e-04 -1.709772272194e+00 -2.114927834596e-04
236                  1.505874239644e-04 -3.328518941041e+00 -2.340892399671e-04 1.132147432537e-05 -1.618746687169e+00 -2.259707705618e-05 1.392659496390e-04 -1.709772253872e+00 -2.114921629110e-04
237                  1.505865434718e-04 -3.328518911933e+00 -2.340885317388e-04 1.132102862507e-05 -1.618746675300e+00 -2.259695904216e-05 1.392655148467e-04 -1.709772236633e+00 -2.114915726967e-04
238                  1.505856855213e-04 -3.328518884450e+00 -2.340878587659e-04 1.132059326295e-05 -1.618746664058e+00 -2.259684715702e-05 1.392650922583e-04 -1.709772220392e+00 -2.114910116089e-04
239                  1.505848431902e-04 -3.328518858432e+00 -2.340872194167e-04 1.132016229138e-05 -1.618746653348e+00 -2.259674065666e-05 1.392646808989e-04 -1.709772205084e+00 -2.114904787600e-04
240                  1.505840208771e-04 -3.328518833855e+00 -2.340866124728e-04 1.131974019918e-05 -1.618746643193e+00 -2.259663914220e-05 1.392642806779e-04 -1.709772190662e+00 -2.114899733306e-04
241                  1.505832329042e-04 -3.328518810770e+00 -2.340860369054e-04 1.131933974670e-05 -1.618746633677e+00 -2.259654257847e-05 1.392638931575e-04 -1.709772177093e+00 -2.114894943270e-04
242                  1.505824920837e-04 -3.328518789171e+00 -2.340854916066e-04 1.131897111370e-05 -1.618746624830e+00 -2.259645106883e-05 1.392635209700e-04 -1.709772164341e+00 -2.114890405378e-04
243                  1.505817993398e-04 -3.328518768938e+00 -2.340849752572e-04 1.131863327405e-05 -1.618746616581e+00 -2.259636456306e-05 1.392631660657e-04 -1.709772152357e+00 -2.114886106942e-04
244                  1.505811440140e-04 -3.328518749890e+00 -2.340844864086e-04 1.131831567008e-05 -1.618746608808e+00 -2.259628275081e-05 1.392628283439e-04 -1.709772141083e+00 -2.114882036578e-04
245                  1.505805126868e-04 -3.328518731887e+00 -2.340840237102e-04 1.131800685557e-05 -1.618746601421e+00 -2.259620522516e-05 1.392625058312e-04 -1.709772130466e+00 -2.114878184850e-04
246                  1.505798978593e-04 -3.328518714874e+00 -2.340835860257e-04 1.131770181369e-05 -1.618746594410e+00 -2.259613169628e-05 1.392621960456e-04 -1.709772120464e+00 -2.114874543294e-04
247                  1.505793010205e-04 -3.328518698854e+00 -2.340831723625e-04 1.131740360974e-05 -1.618746587806e+00 -2.259606204330e-05 1.392618974107e-04 -1.709772111048e+00 -2.114871103192e-04
248                  1.505787295835e-04 -3.328518683824e+00 -2.340827817272e-04 1.131711969499e-05 -1.618746581633e+00 -2.259599622431e-05 1.392616098886e-04 -1.709772102191e+00 -2.114867855029e-04
249                  1.505782380760e-04 -3.328518685857e+00 -2.340825892318e-04 1.131689982507e-05 -1.618746585214e+00 -2.259595122331e-05 1.392613382509e-04 -1.709772100642e+00 -2.114866380085e-04
250                  1.505778261851e-04 -3.328518672518e+00 -2.340822218792e-04 1.131671370404e-05 -1.618746579715e+00 -2.259589428649e-05 1.392611124811e-04 -1.709772092803e+00 -2.114863275927e-04
251                  1.505773170116e-04 -3.328518655166e+00 -2.340818864009e-04 1.131643169641e-05 -1.618746570547e+00 -2.259584633313e-05 1.392608853152e-04 -1.709772084619e+00 -2.114860400677e-04
252                  1.505767614663e-04 -3.328518652315e+00 -2.340817188043e-04 1.131612889151e-05 -1.618746569582e+00 -2.259580543482e-05 1.392606325748e-04 -1.709772082733e+00 -2.114859133695e-04
253                  1.505764331444e-04 -3.328518653955e+00 -2.340815530929e-04 1.131602186015e-05 -1.618746572815e+00 -2.259577320973e-05 1.392604112842e-04 -1.709772081140e+00 -2.114857798831e-04
254                  1.505763145906e-04 -3.328518637167e+00 -2.340813067168e-04 1.131595403046e-05 -1.618746563546e+00 -2.259573820590e-05 1.392603605601e-04 -1.709772073621e+00 -2.114855685109e-04
255                  1.505760930420e-04 -3.328518633032e+00 -2.340811623847e-04 1.131591532268e-05 -1.618746561454e+00 -2.259570896890e-05 1.392601777193e-04 -1.709772071578e+00 -2.114854534158e-04
256                  1.505757863181e-04 -3.328518633855e+00 -2.340810210184e-04 1.131577691060e-05 -1.618746563910e+00 -2.259568467336e-05 1.392600094075e-04 -1.709772069945e+00 -2.114853363451e-04
257                  1.505756810151e-04 -3.328518632048e+00 -2.340809343653e-04 1.131571530083e-05 -1.618746563794e+00 -2.259566294738e-05 1.392599657142e-04 -1.709772068254e+00 -2.114852714179e-04
258                  1.505755991687e-04 -3.328518628005e+00 -2.340808456381e-04 1.131567858113e-05 -1.618746561613e+00 -2.259564313109e-05 1.392599205875e-04 -1.709772066392e+00 -2.114852025071e-04
259                  1.505754967371e-04 -3.328518622771e+00 -2.340807617950e-04 1.131562863263e-05 -1.618746558406e+00 -2.259562672677e-05 1.392598681045e-04 -1.709772064365e+00 -2.114851350682e-04
260                  1.505751046063e-04 -3.328518621104e+00 -2.340806402155e-04 1.131541780566e-05 -1.618746558545e+00 -2.259561440765e-05 1.392596868006e-04 -1.709772062558e+00 -2.114850258079e-04
261                  1.505749333751e-04 -3.328518617538e+00 -2.340805618709e-04 1.131530478354e-05 -1.618746556870e+00 -2.259560030024e-05 1.392596285915e-04 -1.709772060667e+00 -2.114849615707e-04
262                  1.505748475289e-04 -3.328518612836e+00 -2.340804829909e-04 1.131527184045e-05 -1.618746554164e+00 -2.259558641099e-05 1.392595756885e-04 -1.709772058672e+00 -2.114848965799e-04
263                  1.505748057981e-04 -3.328518607844e+00 -2.340804065136e-04 1.131527841423e-05 -1.618746551221e+00 -2.259557328768e-05 1.392595273838e-04 -1.709772056623e+00 -2.114848332259e-04
264                  1.505745420950e-04 -3.328518607271e+00 -2.340802963091e-04 1.131517078957e-05 -1.618746552337e+00 -2.259556214337e-05 1.392593713055e-04 -1.709772054935e+00 -2.114847341658e-04
265                  1.505744822020e-04 -3.328518604823e+00 -2.340802235377e-04 1.131514611453e-05 -1.618746551587e+00 -2.259554842574e-05 1.392593360874e-04 -1.709772053236e+00 -2.114846751120e-04
266                  1.505744644460e-04 -3.328518601008e+00 -2.340801497349e-04 1.131515861562e-05 -1.618746549546e+00 -2.259553430053e-05 1.392593058303e-04 -1.709772051462e+00 -2.114846154344e-04
267                  1.505744351255e-04 -3.328518596523e+00 -2.340800783836e-04 1.131516120867e-05 -1.618746546900e+00 -2.259552073636e-05 1.392592739168e-04 -1.709772049623e+00 -2.114845576473e-04
268                  1.505743648433e-04 -3.328518592117e+00 -2.340800094907e-04 1.131512830881e-05 -1.618746544350e+00 -2.259550852468e-05 1.392592365345e-04 -1.709772047766e+00 -2.114845009661e-04
269                  1.505740331538e-04 -3.328518592147e+00 -2.340799134224e-04 1.131493336599e-05 -1.618746545867e+00 -2.259549933012e-05 1.392590997878e-04 -1.709772046280e+00 -2.114844140922e-04
270                  1.505738839982e-04 -3.328518590389e+00 -2.340798490343e-04 1.131482926944e-05 -1.618746545598e+00 -2.259548753808e-05 1.392590547287e-04 -1.709772044791e+00 -2.114843614962e-04
271                  1.505738083545e-04 -3.328518587176e+00 -2.340797832715e-04 1.131479428680e-05 -1.618746543949e+00 -2.259547487757e-05 1.392590140677e-04 -1.709772043227e+00 -2.114843083939e-04
272                  1.505737669398e-04 -3.328518583180e+00 -2.340797197918e-04 1.131479116359e-05 -1.618746541591e+00 -2.259546266203e-05 1.392589757762e-04 -1.709772041589e+00 -2.114842571298e-04
273                  1.505737269463e-04 -3.328518579107e+00 -2.340796584834e-04 1.131478852291e-05 -1.618746539191e+00 -2.259545159597e-05 1.392589384234e-04 -1.709772039916e+00 -2.114842068874e-04
274                  1.505736702004e-04 -3.328518575452e+00 -2.340795995159e-04 1.131476966183e-05 -1.618746537190e+00 -2.259544174132e-05 1.392589005386e-04 -1.709772038263e+00 -2.114841577746e-04
275                  1.505735953806e-04 -3.328518572423e+00 -2.340795424491e-04 1.131473349340e-05 -1.618746535751e+00 -2.259543271524e-05 1.392588618872e-04 -1.709772036672e+00 -2.114841097339e-04
276                  1.505735141222e-04 -3.328518569998e+00 -2.340794869408e-04 1.131469092368e-05 -1.618746534833e+00 -2.259542424607e-05 1.392588231985e-04 -1.709772035166e+00 -2.114840626947e-04
277                  1.505734361113e-04 -3.328518567978e+00 -2.340794329841e-04 1.131465082295e-05 -1.618746534241e+00 -2.259541647975e-05 1.392587852883e-04 -1.709772033737e+00 -2.114840165044e-04
278                  1.505733649083e-04 -3.328518566057e+00 -2.340793794893e-04 1.131461586125e-05 -1.618746533685e+00 -2.259540815758e-05 1.392587490471e-04 -1.709772032372e+00 -2.114839713317e-04
279                  1.505733290600e-04 -3.328518564684e+00 -2.340793332071e-04 1.131461586125e-05 -1.618746533685e+00 -2.259540815758e-05 1.392587131988e-04 -1.709772030999e+00 -2.114839250495e-04
