# Force             
# CofR              : (0.000000000000e+00 0.000000000000e+00 0.000000000000e+00)
#
# Time              	total_x total_y total_z	pressure_x pressure_y pressure_z	viscous_x viscous_y viscous_z
1                    4.615284891474e+01 -7.138563935030e-03 6.512271661422e-23 2.520018068427e+01 -6.440952920063e-03 0.000000000000e+00 2.095266823048e+01 -6.976110149675e-04 6.512271661422e-23
2                    4.049576142210e+01 -7.924721812038e-03 4.146330170476e-23 2.636592410586e+01 -5.721099690278e-03 0.000000000000e+00 1.412983731624e+01 -2.203622121760e-03 4.146330170476e-23
3                    2.340596180599e+01 -7.495484054823e-03 -7.350627322684e-24 1.358072508821e+01 -4.536176228955e-03 0.000000000000e+00 9.825236717778e+00 -2.959307825868e-03 -7.350627322684e-24
4                    8.669920753700e+00 -1.145359333076e-02 -3.797735544417e-23 1.793755401966e+00 -7.870509946305e-03 0.000000000000e+00 6.876165351734e+00 -3.583083384456e-03 -3.797735544417e-23
5                    3.741800736018e+00 -1.762583039457e-02 -3.515833441173e-23 -1.630503615440e+00 -1.261038315316e-02 0.000000000000e+00 5.372304351458e+00 -5.015447241412e-03 -3.515833441173e-23
6                    6.619304571506e+00 -1.995377786573e-02 -1.361479892433e-23 1.484073678770e+00 -1.316004494816e-02 0.000000000000e+00 5.135230892736e+00 -6.793732917575e-03 -1.361479892433e-23
7                    1.110342145452e+01 -1.681792678294e-02 4.808830460969e-24 5.605200352000e+00 -9.062983610634e-03 0.000000000000e+00 5.498221102523e+00 -7.754943172305e-03 4.808830460969e-24
8                    1.285139371206e+01 -1.268828580448e-02 9.589486574565e-24 7.089563772840e+00 -5.142830542876e-03 0.000000000000e+00 5.761829939221e+00 -7.545455261606e-03 9.589486574565e-24
9                    1.154173469191e+01 -1.254366750765e-02 3.828418902754e-24 5.922899290538e+00 -5.551904258219e-03 0.000000000000e+00 5.618835401368e+00 -6.991763249435e-03 3.828418902754e-24
10                   9.263407678874e+00 -1.655735128559e-02 -3.691339542097e-24 4.070976728864e+00 -9.462120218402e-03 0.000000000000e+00 5.192430950010e+00 -7.095231067185e-03 -3.691339542097e-24
11                   7.908585337816e+00 -2.071412378193e-02 -6.755233936190e-24 3.135194719388e+00 -1.272781636082e-02 0.000000000000e+00 4.773390618428e+00 -7.986307421110e-03 -6.755233936190e-24
12                   7.875220571093e+00 -2.139071229151e-02 -4.813266895924e-24 3.331398214962e+00 -1.245260824185e-02 0.000000000000e+00 4.543822356131e+00 -8.938104049660e-03 -4.813266895924e-24
13                   8.436200235669e+00 -1.871560842677e-02 -1.023988043821e-24 3.946695676916e+00 -9.507759957461e-03 0.000000000000e+00 4.489504558754e+00 -9.207848469312e-03 -1.023988043821e-24
14                   8.769353333692e+00 -1.561883255244e-02 1.418687644406e-24 4.280182742827e+00 -6.882563545133e-03 0.000000000000e+00 4.489170590865e+00 -8.736269007305e-03 1.418687644406e-24
15                   8.602088466064e+00 -1.459361872886e-02 1.514460877116e-24 4.157615673483e+00 -6.536716084872e-03 0.000000000000e+00 4.444472792581e+00 -8.056902643984e-03 1.514460877116e-24
16                   8.168858767683e+00 -1.559492288659e-02 3.077097412814e-25 3.828910039309e+00 -7.900944686029e-03 0.000000000000e+00 4.339948728373e+00 -7.693978200556e-03 3.077097412814e-25
17                   7.812152010627e+00 -1.676693394194e-02 -6.299216782302e-25 3.594000585227e+00 -9.049016667943e-03 0.000000000000e+00 4.218151425399e+00 -7.717917273995e-03 -6.299216782302e-25
18                   7.678490794003e+00 -1.653913688472e-02 -5.312996197877e-25 3.555547210005e+00 -8.730953310214e-03 0.000000000000e+00 4.122943583997e+00 -7.808183574505e-03 -5.312996197877e-25
19                   7.692479900283e+00 -1.491923194903e-02 2.961498891780e-25 3.626819960832e+00 -7.274517019917e-03 0.000000000000e+00 4.065659939451e+00 -7.644714929112e-03 2.961498891780e-25
20                   7.708369894963e+00 -1.305334852877e-02 1.092274172137e-24 3.678836290856e+00 -5.868172686719e-03 0.000000000000e+00 4.029533604108e+00 -7.185175842052e-03 1.092274172137e-24
21                   7.648755462223e+00 -1.192838712287e-02 1.383766465606e-24 3.655529454358e+00 -5.303138356246e-03 0.000000000000e+00 3.993226007865e+00 -6.625248766626e-03 1.383766465606e-24
22                   7.532543064283e+00 -1.160781697400e-02 1.247770230717e-24 3.584423297705e+00 -5.437896145903e-03 0.000000000000e+00 3.948119766578e+00 -6.169920828099e-03 1.247770230717e-24
23                   7.418769041509e+00 -1.146069089223e-02 1.057968477602e-24 3.519683931155e+00 -5.595548580525e-03 0.000000000000e+00 3.899085110354e+00 -5.865142311708e-03 1.057968477602e-24
24                   7.344346725997e+00 -1.091185020030e-02 1.086873950187e-24 3.489421186835e+00 -5.298288288691e-03 0.000000000000e+00 3.854925539162e+00 -5.613561911609e-03 1.086873950187e-24
25                   7.304902975361e+00 -9.906245807104e-03 1.325402636681e-24 3.485071906394e+00 -4.601959092603e-03 0.000000000000e+00 3.819831068967e+00 -5.304286714500e-03 1.325402636681e-24
26                   7.275144007758e+00 -8.789887746269e-03 1.590999098381e-24 3.483322083944e+00 -3.878862451028e-03 0.000000000000e+00 3.791821923814e+00 -4.911025295241e-03 1.590999098381e-24
27                   7.236513560732e+00 -7.902833938060e-03 1.737481012224e-24 3.470010555510e+00 -3.414719182915e-03 0.000000000000e+00 3.766503005222e+00 -4.488114755145e-03 1.737481012224e-24
28                   7.188176045628e+00 -7.305432258435e-03 1.761797887347e-24 3.447021819637e+00 -3.204031957904e-03 0.000000000000e+00 3.741154225990e+00 -4.101400300530e-03 1.761797887347e-24
29                   7.139969153578e+00 -6.825458654838e-03 1.756088035176e-24 3.424031863476e+00 -3.053064261603e-03 0.000000000000e+00 3.715937290102e+00 -3.772394393236e-03 1.756088035176e-24
30                   7.100144164635e+00 -6.278131544828e-03 1.798276303690e-24 3.407694503485e+00 -2.800797960997e-03 0.000000000000e+00 3.692449661150e+00 -3.477333583831e-03 1.798276303690e-24
31                   7.069412825092e+00 -5.621485633325e-03 1.893021252251e-24 3.397636217898e+00 -2.438310162683e-03 0.000000000000e+00 3.671776607193e+00 -3.183175470642e-03 1.893021252251e-24
32                   7.043292694775e+00 -4.940508130640e-03 1.994778859377e-24 3.389567834929e+00 -2.062153495012e-03 0.000000000000e+00 3.653724859846e+00 -2.878354635628e-03 1.994778859377e-24
33                   7.017514063597e+00 -4.334608265689e-03 2.064443161499e-24 3.380157472792e+00 -1.759585738150e-03 0.000000000000e+00 3.637356590805e+00 -2.575022527539e-03 2.064443161499e-24
34                   6.991075941721e+00 -3.833363199206e-03 2.100191716770e-24 3.369174536026e+00 -1.542205383639e-03 0.000000000000e+00 3.621901405695e+00 -2.291157815567e-03 2.100191716770e-24
35                   6.965542951789e+00 -3.398279989067e-03 2.125789877943e-24 3.358350177785e+00 -1.364013439804e-03 0.000000000000e+00 3.607192774004e+00 -2.034266549263e-03 2.125789877943e-24
36                   6.942639166255e+00 -2.977783366335e-03 2.161474963747e-24 3.349165749583e+00 -1.178528675768e-03 0.000000000000e+00 3.593473416672e+00 -1.799254690568e-03 2.161474963747e-24
37                   6.922700288333e+00 -2.552506651548e-03 2.208378370408e-24 3.341735249989e+00 -9.754180508192e-04 0.000000000000e+00 3.580965038344e+00 -1.577088600728e-03 2.208378370408e-24
38                   6.904852018099e+00 -2.137849361991e-03 2.254860193836e-24 3.335222913883e+00 -7.744978063362e-04 0.000000000000e+00 3.569629104216e+00 -1.363351555655e-03 2.254860193836e-24
39                   6.888080377784e+00 -1.757975855152e-03 2.291377473886e-24 3.328847932168e+00 -5.981683923067e-04 0.000000000000e+00 3.559232445616e+00 -1.159807462846e-03 2.291377473886e-24
40                   6.871995494892e+00 -1.422769540671e-03 2.318073434094e-24 3.322447340310e+00 -4.523201473237e-04 0.000000000000e+00 3.549548154582e+00 -9.704493933468e-04 2.318073434094e-24
41                   6.856805558036e+00 -1.124699670933e-03 2.341263017822e-24 3.316325965003e+00 -3.275326349091e-04 0.000000000000e+00 3.540479593033e+00 -7.971670360236e-04 2.341263017822e-24
42                   6.842832538779e+00 -8.505373164951e-04 2.365894951106e-24 3.310794909816e+00 -2.118362199324e-04 0.000000000000e+00 3.532037628963e+00 -6.387010965627e-04 2.365894951106e-24
43                   6.830136091474e+00 -5.929346366953e-04 2.391971206829e-24 3.305891203074e+00 -1.004728410082e-04 0.000000000000e+00 3.524244888400e+00 -4.924617956871e-04 2.391971206829e-24
44                   6.818502948591e+00 -3.528422391010e-04 2.416547840255e-24 3.301431608929e+00 3.838510462373e-06 0.000000000000e+00 3.517071339661e+00 -3.566807495634e-04 2.416547840255e-24
45                   6.807665696759e+00 -1.345253112044e-04 2.437520515837e-24 3.297224883327e+00 9.654322918454e-05 0.000000000000e+00 3.510440813432e+00 -2.310685403889e-04 2.437520515837e-24
46                   6.797484339340e+00 5.999457379015e-05 2.455257525584e-24 3.293208557305e+00 1.760374214526e-04 0.000000000000e+00 3.504275782035e+00 -1.160428476625e-04 2.455257525584e-24
47                   6.787958032958e+00 2.325248558455e-04 2.471465920586e-24 3.289428962410e+00 2.442209974192e-04 0.000000000000e+00 3.498529070548e+00 -1.169614157369e-05 2.471465920586e-24
48                   6.779123545052e+00 3.866859291914e-04 2.487309968856e-24 3.285942218171e+00 3.041080908691e-04 0.000000000000e+00 3.493181326882e+00 8.257783832234e-05 2.487309968856e-24
49                   6.770967036760e+00 5.253107902550e-04 2.502700874854e-24 3.282747897253e+00 3.575505872783e-04 0.000000000000e+00 3.488219139507e+00 1.677602029767e-04 2.502700874854e-24
50                   6.763415426318e+00 6.494865044053e-04 2.516939449032e-24 3.279796498649e+00 4.047737267510e-04 0.000000000000e+00 3.483618927669e+00 2.447127776543e-04 2.516939449032e-24
51                   6.756382907778e+00 7.592853091314e-04 2.529640657183e-24 3.277035447647e+00 4.453195712699e-04 0.000000000000e+00 3.479347460131e+00 3.139657378615e-04 2.529640657183e-24
52                   6.749812621751e+00 8.549279835788e-04 2.541027185708e-24 3.274440591230e+00 4.790895671010e-04 0.000000000000e+00 3.475372030521e+00 3.758384164778e-04 2.541027185708e-24
53                   6.743680822864e+00 9.373210721576e-04 2.551572635868e-24 3.272012835539e+00 5.066570200452e-04 0.000000000000e+00 3.471667987325e+00 4.306640521124e-04 2.551572635868e-24
54                   6.737974569917e+00 1.007827256842e-03 2.561554004792e-24 3.269756348483e+00 5.289265329754e-04 0.000000000000e+00 3.468218221433e+00 4.789007238665e-04 2.561554004792e-24
55                   6.732671552150e+00 1.067763444596e-03 2.570941924850e-24 3.267663563240e+00 5.466756700696e-04 0.000000000000e+00 3.465007988910e+00 5.210877745262e-04 2.570941924850e-24
56                   6.727737720291e+00 1.118103880121e-03 2.579597906285e-24 3.265716656141e+00 5.603607123742e-04 0.000000000000e+00 3.462021064150e+00 5.577431677467e-04 2.579597906285e-24
57                   6.723137529442e+00 1.159529575416e-03 2.587488397526e-24 3.263897706266e+00 5.702251559985e-04 0.000000000000e+00 3.459239823176e+00 5.893044194172e-04 2.587488397526e-24
58                   6.718843143951e+00 1.192636046094e-03 2.594720410457e-24 3.262195572941e+00 5.764950495407e-04 0.000000000000e+00 3.456647571009e+00 6.161409965537e-04 2.594720410457e-24
59                   6.714835176204e+00 1.218085408380e-03 2.601435320811e-24 3.260604983293e+00 5.794866422435e-04 0.000000000000e+00 3.454230192912e+00 6.385987661367e-04 2.601435320811e-24
60                   6.711097545572e+00 1.236617551475e-03 2.607709315426e-24 3.259121633789e+00 5.795882418930e-04 0.000000000000e+00 3.451975911782e+00 6.570293095815e-04 2.607709315426e-24
61                   6.707613000836e+00 1.248973839488e-03 2.613547200454e-24 3.257738983828e+00 5.771854488210e-04 0.000000000000e+00 3.449874017008e+00 6.717883906673e-04 2.613547200454e-24
62                   6.704362587132e+00 1.255813183798e-03 2.618938182420e-24 3.256448619825e+00 5.725959637847e-04 0.000000000000e+00 3.447913967307e+00 6.832172200135e-04 2.618938182420e-24
63                   6.701327955292e+00 1.257697064905e-03 2.623902192993e-24 3.255242538830e+00 5.660692673484e-04 0.000000000000e+00 3.446085416462e+00 6.916277975565e-04 2.623902192993e-24
64                   6.698493309110e+00 1.255120952519e-03 2.628488669087e-24 3.254114578412e+00 5.578181242543e-04 0.000000000000e+00 3.444378730698e+00 6.973028282647e-04 2.628488669087e-24
65                   6.695845401238e+00 1.248554496714e-03 2.632747174385e-24 3.253060091615e+00 5.480503115420e-04 0.000000000000e+00 3.442785309622e+00 7.005041851724e-04 2.632747174385e-24
66                   6.693372278336e+00 1.238459466885e-03 2.636707073386e-24 3.252074815401e+00 5.369790620759e-04 0.000000000000e+00 3.441297462936e+00 7.014804048093e-04 2.636707073386e-24
67                   6.691062265873e+00 1.225281837181e-03 2.640381198902e-24 3.251154189026e+00 5.248133917125e-04 0.000000000000e+00 3.439908076846e+00 7.004684454684e-04 2.640381198902e-24
68                   6.688903896003e+00 1.209434136114e-03 2.643781240302e-24 3.250293497911e+00 5.117428948608e-04 0.000000000000e+00 3.438610398092e+00 6.976912412534e-04 2.643781240302e-24
69                   6.686886405685e+00 1.191285558754e-03 2.646926702173e-24 3.249488367590e+00 4.979304905006e-04 0.000000000000e+00 3.437398038095e+00 6.933550682535e-04 2.646926702173e-24
70                   6.685000095560e+00 1.171165653601e-03 2.649841940981e-24 3.248735022719e+00 4.835164406377e-04 0.000000000000e+00 3.436265072841e+00 6.876492129629e-04 2.649841940981e-24
71                   6.683236246336e+00 1.149375282671e-03 2.652548594861e-24 3.248030163880e+00 4.686275660230e-04 0.000000000000e+00 3.435206082456e+00 6.807477166476e-04 2.652548594861e-24
72                   6.681586794797e+00 1.126195189200e-03 2.655062095825e-24 3.247370704342e+00 4.533836431843e-04 0.000000000000e+00 3.434216090456e+00 6.728115460156e-04 2.655062095825e-24
73                   6.680044102629e+00 1.101887546383e-03 2.657393975590e-24 3.246753634522e+00 4.378976343681e-04 0.000000000000e+00 3.433290468107e+00 6.639899120152e-04 2.657393975590e-24
74                   6.678600940351e+00 1.076692761212e-03 2.659555769332e-24 3.246176063979e+00 4.222721621036e-04 0.000000000000e+00 3.432424876372e+00 6.544205991083e-04 2.659555769332e-24
75                   6.677250577352e+00 1.050826749510e-03 2.661560457946e-24 3.245635318857e+00 4.065968159878e-04 0.000000000000e+00 3.431615258496e+00 6.442299335223e-04 2.661560457946e-24
76                   6.675986823703e+00 1.024481753670e-03 2.663421148404e-24 3.245128974994e+00 3.909487354509e-04 0.000000000000e+00 3.430857848708e+00 6.335330182192e-04 2.663421148404e-24
77                   6.674803975752e+00 9.978299094576e-04 2.665149304302e-24 3.244654812145e+00 3.753954999403e-04 0.000000000000e+00 3.430149163607e+00 6.224344095173e-04 2.665149304302e-24
78                   6.673696722502e+00 9.710267941708e-04 2.666754366738e-24 3.244210749833e+00 3.599977800462e-04 0.000000000000e+00 3.429485972670e+00 6.110290141246e-04 2.666754366738e-24
79                   6.672660083863e+00 9.442130998020e-04 2.668244647469e-24 3.243794818337e+00 3.448101984002e-04 0.000000000000e+00 3.428865265526e+00 5.994029014018e-04 2.668244647469e-24
80                   6.671689397556e+00 9.175146867325e-04 2.669628258138e-24 3.243405166640e+00 3.298807941591e-04 0.000000000000e+00 3.428284230915e+00 5.876338925734e-04 2.669628258138e-24
81                   6.670780324007e+00 8.910424558594e-04 2.670913266968e-24 3.243040076746e+00 3.152504681491e-04 0.000000000000e+00 3.427740247261e+00 5.757919877103e-04 2.670913266968e-24
82                   6.669928836585e+00 8.648930935454e-04 2.672107275767e-24 3.242697960975e+00 3.009533229648e-04 0.000000000000e+00 3.427230875610e+00 5.639397705806e-04 2.672107275767e-24
83                   6.669131191525e+00 8.391506151277e-04 2.673217058211e-24 3.242377343408e+00 2.870177342834e-04 0.000000000000e+00 3.426753848117e+00 5.521328808443e-04 2.673217058211e-24
84                   6.668383894944e+00 8.138879645491e-04 2.674248613584e-24 3.242076842088e+00 2.734674186791e-04 0.000000000000e+00 3.426307052856e+00 5.404205458701e-04 2.674248613584e-24
85                   6.667683680349e+00 7.891681015050e-04 2.675207464505e-24 3.241795160708e+00 2.603219930057e-04 0.000000000000e+00 3.425888519641e+00 5.288461084993e-04 2.675207464505e-24
86                   6.667027497111e+00 7.650446032274e-04 2.676098870721e-24 3.241531087540e+00 2.475971059601e-04 0.000000000000e+00 3.425496409571e+00 5.174474972673e-04 2.676098870721e-24
87                   6.666412501202e+00 7.415621466640e-04 2.676927824018e-24 3.241283493880e+00 2.353045156522e-04 0.000000000000e+00 3.425129007322e+00 5.062576310118e-04 2.676927824018e-24
88                   6.665836042363e+00 7.187571668323e-04 2.677698941279e-24 3.241051328574e+00 2.234523822510e-04 0.000000000000e+00 3.424784713789e+00 4.953047845813e-04 2.677698941279e-24
89                   6.665295648053e+00 6.966586998551e-04 2.678416416346e-24 3.240833610137e+00 2.120457533309e-04 0.000000000000e+00 3.424462037916e+00 4.846129465242e-04 2.678416416346e-24
90                   6.664789008346e+00 6.752892200349e-04 2.679084077307e-24 3.240629420051e+00 2.010870395560e-04 0.000000000000e+00 3.424159588296e+00 4.742021804789e-04 2.679084077307e-24
91                   6.664313964299e+00 6.546653242066e-04 2.679705480247e-24 3.240437898670e+00 1.905763448921e-04 0.000000000000e+00 3.423876065629e+00 4.640889793145e-04 2.679705480247e-24
92                   6.663868498986e+00 6.347982647320e-04 2.680283961195e-24 3.240258242552e+00 1.805116694605e-04 0.000000000000e+00 3.423610256433e+00 4.542865952716e-04 2.680283961195e-24
93                   6.663450728972e+00 6.156944181208e-04 2.680822633238e-24 3.240089701421e+00 1.708890802599e-04 0.000000000000e+00 3.423361027551e+00 4.448053378609e-04 2.680822633238e-24
94                   6.663058895192e+00 5.973557740619e-04 2.681324369915e-24 3.239931574328e+00 1.617029296243e-04 0.000000000000e+00 3.423127320864e+00 4.356528444377e-04 2.681324369915e-24
95                   6.662691353702e+00 5.797804417865e-04 2.681791811194e-24 3.239783205655e+00 1.529461069820e-04 0.000000000000e+00 3.422908148047e+00 4.268343348044e-04 2.681791811194e-24
96                   6.662346567595e+00 5.629631305409e-04 2.682227395523e-24 3.239643981998e+00 1.446102754299e-04 0.000000000000e+00 3.422702585596e+00 4.183528551110e-04 2.682227395523e-24
97                   6.662023099421e+00 5.468955712780e-04 2.682633386987e-24 3.239513329108e+00 1.366860609386e-04 0.000000000000e+00 3.422509770313e+00 4.102095103394e-04 2.682633386987e-24
98                   6.661719604883e+00 5.315668823787e-04 2.683011892859e-24 3.239390709654e+00 1.291632017661e-04 0.000000000000e+00 3.422328895230e+00 4.024036806125e-04 2.683011892859e-24
99                   6.661434826961e+00 5.169639017074e-04 2.683364869832e-24 3.239275621060e+00 1.220306828260e-04 0.000000000000e+00 3.422159205901e+00 3.949332188813e-04 2.683364869832e-24
100                  6.661167590075e+00 5.030715020921e-04 2.683694127967e-24 3.239167593146e+00 1.152768709227e-04 0.000000000000e+00 3.421999996929e+00 3.877946311694e-04 2.683694127967e-24
101                  6.660916794431e+00 4.898728916760e-04 2.684001340174e-24 3.239066185789e+00 1.088896489785e-04 0.000000000000e+00 3.421850608642e+00 3.809832426975e-04 2.684001340174e-24
102                  6.660681410555e+00 4.773498914278e-04 2.684288054804e-24 3.238970986600e+00 1.028565384823e-04 0.000000000000e+00 3.421710423955e+00 3.744933529455e-04 2.684288054804e-24
103                  6.660460474860e+00 4.654831837450e-04 2.684555710004e-24 3.238881609371e+00 9.716480369987e-05 0.000000000000e+00 3.421578865488e+00 3.683183800451e-04 2.684555710004e-24
104                  6.660253085519e+00 4.542525336510e-04 2.684805642444e-24 3.238797692550e+00 9.180154005956e-05 0.000000000000e+00 3.421455392969e+00 3.624509935914e-04 2.684805642444e-24
105                  6.660058398459e+00 4.436369881968e-04 2.685039092364e-24 3.238718897650e+00 8.675375288061e-05 0.000000000000e+00 3.421339500809e+00 3.568832353162e-04 2.685039092364e-24
106                  6.659875623472e+00 4.336150586877e-04 2.685257208461e-24 3.238644907651e+00 8.200843040912e-05 0.000000000000e+00 3.421230715821e+00 3.516066282786e-04 2.685257208461e-24
107                  6.659704020544e+00 4.241648870774e-04 2.685461054534e-24 3.238575425498e+00 7.755261099190e-05 0.000000000000e+00 3.421128595047e+00 3.466122760855e-04 2.685461054534e-24
108                  6.659542896541e+00 4.152643959564e-04 2.685651617085e-24 3.238510172787e+00 7.337344246999e-05 0.000000000000e+00 3.421032723754e+00 3.418909534864e-04 2.685651617085e-24
109                  6.659391602203e+00 4.068914217269e-04 2.685829812054e-24 3.238448888622e+00 6.945823283178e-05 0.000000000000e+00 3.420942713581e+00 3.374331888951e-04 2.685829812054e-24
110                  6.659249529314e+00 3.990238320940e-04 2.685996490056e-24 3.238391328505e+00 6.579449320018e-05 0.000000000000e+00 3.420858200809e+00 3.332293388939e-04 2.685996490056e-24
111                  6.659116108085e+00 3.916396296518e-04 2.686152440545e-24 3.238337263318e+00 6.236997481285e-05 0.000000000000e+00 3.420778844768e+00 3.292696548390e-04 2.686152440545e-24
112                  6.658990804659e+00 3.847170433097e-04 2.686298395846e-24 3.238286478320e+00 5.917270118869e-05 0.000000000000e+00 3.420704326340e+00 3.255443421210e-04 2.686298395846e-24
113                  6.658873118733e+00 3.782346085864e-04 2.686435035389e-24 3.238238772182e+00 5.619099572199e-05 0.000000000000e+00 3.420634346551e+00 3.220436128644e-04 2.686435035389e-24
114                  6.658762581373e+00 3.721712373696e-04 2.686562989970e-24 3.238193956115e+00 5.341350460600e-05 0.000000000000e+00 3.420568625258e+00 3.187577327636e-04 2.686562989970e-24
115                  6.658658753010e+00 3.665062776989e-04 2.686682845555e-24 3.238151853080e+00 5.082921521782e-05 0.000000000000e+00 3.420506899931e+00 3.156770624811e-04 2.686682845555e-24
116                  6.658561221575e+00 3.612195643297e-04 2.686795146561e-24 3.238112297054e+00 4.842747045858e-05 0.000000000000e+00 3.420448924521e+00 3.127920938711e-04 2.686795146561e-24
117                  6.658469600747e+00 3.562914609786e-04 2.686900398777e-24 3.238075132341e+00 4.619797966038e-05 0.000000000000e+00 3.420394468405e+00 3.100934813182e-04 2.686900398777e-24
118                  6.658383528302e+00 3.517028951453e-04 2.686999072103e-24 3.238040212910e+00 4.413082655064e-05 0.000000000000e+00 3.420343315392e+00 3.075720685947e-04 2.686999072103e-24
119                  6.658302664566e+00 3.474353862075e-04 2.687091606990e-24 3.238007401772e+00 4.221647450725e-05 0.000000000000e+00 3.420295262794e+00 3.052189117002e-04 2.687091606990e-24
120                  6.658226690977e+00 3.434710673805e-04 2.687178407128e-24 3.237976570411e+00 4.044576929690e-05 0.000000000000e+00 3.420250120566e+00 3.030252980836e-04 2.687178407128e-24
121                  6.658155308764e+00 3.397927020890e-04 2.687259848067e-24 3.237947598262e+00 3.880993953420e-05 0.000000000000e+00 3.420207710502e+00 3.009827625548e-04 2.687259848067e-24
122                  6.658088237682e+00 3.363836952651e-04 2.687336280874e-24 3.237920372202e+00 3.730059512569e-05 0.000000000000e+00 3.420167865481e+00 2.990831001394e-04 2.687336280874e-24
123                  6.658025214833e+00 3.332281001273e-04 2.687408032146e-24 3.237894786077e+00 3.590972400047e-05 0.000000000000e+00 3.420130428755e+00 2.973183761268e-04 2.687408032146e-24
124                  6.657965993568e+00 3.303106209315e-04 2.687475405767e-24 3.237870740267e+00 3.462968733711e-05 0.000000000000e+00 3.420095253300e+00 2.956809335943e-04 2.687475405767e-24
125                  6.657910342469e+00 3.276166121884e-04 2.687538684584e-24 3.237848141274e+00 3.345321350573e-05 0.000000000000e+00 3.420062201195e+00 2.941633986827e-04 2.687538684584e-24
126                  6.657858044393e+00 3.251320747498e-04 2.687598131960e-24 3.237826901346e+00 3.237339087700e-05 0.000000000000e+00 3.420031143048e+00 2.927586838728e-04 2.687598131960e-24
127                  6.657808895573e+00 3.228436491211e-04 2.687653993169e-24 3.237806938113e+00 3.138365965283e-05 0.000000000000e+00 3.420001957460e+00 2.914599894682e-04 2.687653993169e-24
128                  6.657762704781e+00 3.207386063409e-04 2.687706496714e-24 3.237788174259e+00 3.047780287360e-05 0.000000000000e+00 3.419974530523e+00 2.902608034673e-04 2.687706496714e-24
129                  6.657719292542e+00 3.188048367676e-04 2.687755855519e-24 3.237770537197e+00 2.964993675839e-05 0.000000000000e+00 3.419948755345e+00 2.891549000092e-04 2.687755855519e-24
130                  6.657678490398e+00 3.170308370688e-04 2.687802268042e-24 3.237753958784e+00 2.889450051055e-05 0.000000000000e+00 3.419924531614e+00 2.881363365583e-04 2.687802268042e-24
131                  6.657640140219e+00 3.154056957143e-04 2.687845919340e-24 3.237738375035e+00 2.820624570285e-05 0.000000000000e+00 3.419901765184e+00 2.871994500115e-04 2.687845919340e-24
132                  6.657604093564e+00 3.139190771979e-04 2.687886982034e-24 3.237723725876e+00 2.758022533297e-05 0.000000000000e+00 3.419880367688e+00 2.863388518649e-04 2.687886982034e-24
133                  6.657570211074e+00 3.125612052267e-04 2.687925617192e-24 3.237709954895e+00 2.701178265460e-05 0.000000000000e+00 3.419860256179e+00 2.855494225721e-04 2.687925617192e-24
134                  6.657538361909e+00 3.113228450662e-04 2.687961975161e-24 3.237697009115e+00 2.649653985212e-05 0.000000000000e+00 3.419841352794e+00 2.848263052141e-04 2.687961975161e-24
135                  6.657508423221e+00 3.101952852303e-04 2.687996196314e-24 3.237684838789e+00 2.603038663868e-05 0.000000000000e+00 3.419823584433e+00 2.841648985916e-04 2.687996196314e-24
136                  6.657480279658e+00 3.091703187004e-04 2.688028411770e-24 3.237673397191e+00 2.560946886307e-05 0.000000000000e+00 3.419806882467e+00 2.835608498373e-04 2.688028411770e-24
137                  6.657453822897e+00 3.082402238259e-04 2.688058744033e-24 3.237662640438e+00 2.523017717232e-05 0.000000000000e+00 3.419791182459e+00 2.830100466536e-04 2.688058744033e-24
138                  6.657428951215e+00 3.073977450242e-04 2.688087307625e-24 3.237652527310e+00 2.488913577015e-05 0.000000000000e+00 3.419776423904e+00 2.825086092540e-04 2.688087307625e-24
139                  6.657405569076e+00 3.066360734135e-04 2.688114209624e-24 3.237643019090e+00 2.458319133156e-05 0.000000000000e+00 3.419762549986e+00 2.820528820820e-04 2.688114209624e-24
140                  6.657383586757e+00 3.059488274820e-04 2.688139550191e-24 3.237634079407e+00 2.430940210640e-05 0.000000000000e+00 3.419749507350e+00 2.816394253756e-04 2.688139550191e-24
141                  6.657362919981e+00 3.053300338770e-04 2.688163423047e-24 3.237625674093e+00 2.406502723926e-05 0.000000000000e+00 3.419737245888e+00 2.812650066378e-04 2.688163423047e-24
142                  6.657343489589e+00 3.047741084132e-04 2.688185915933e-24 3.237617771051e+00 2.384751634490e-05 0.000000000000e+00 3.419725718538e+00 2.809265920683e-04 2.688185915933e-24
143                  6.657325221223e+00 3.042758373637e-04 2.688207111001e-24 3.237610340124e+00 2.365449935993e-05 0.000000000000e+00 3.419714881100e+00 2.806213380037e-04 2.688207111001e-24
144                  6.657308045033e+00 3.038303591079e-04 2.688227085212e-24 3.237603352978e+00 2.348377669414e-05 0.000000000000e+00 3.419704692055e+00 2.803465824138e-04 2.688227085212e-24
145                  6.657291895397e+00 3.034331461700e-04 2.688245910694e-24 3.237596782993e+00 2.333330968654e-05 0.000000000000e+00 3.419695112404e+00 2.800998364834e-04 2.688245910694e-24
146                  6.657276710666e+00 3.030799876930e-04 2.688263655062e-24 3.237590605155e+00 2.320121137431e-05 0.000000000000e+00 3.419686105511e+00 2.798787763187e-04 2.688263655062e-24
147                  6.657262432920e+00 3.027669724099e-04 2.688280381723e-24 3.237584795960e+00 2.308573761084e-05 0.000000000000e+00 3.419677636961e+00 2.796812347991e-04 2.688280381723e-24
148                  6.657249007740e+00 3.024904721119e-04 2.688296150162e-24 3.237579333320e+00 2.298527850544e-05 0.000000000000e+00 3.419669674420e+00 2.795051936065e-04 2.688296150162e-24
149                  6.657236383991e+00 3.022471256611e-04 2.688311016199e-24 3.237574196480e+00 2.289835021535e-05 0.000000000000e+00 3.419662187511e+00 2.793487754458e-04 2.688311016199e-24
150                  6.657224513628e+00 3.020338235674e-04 2.688325032247e-24 3.237569365934e+00 2.282358708841e-05 0.000000000000e+00 3.419655147694e+00 2.792102364790e-04 2.688325032247e-24
151                  6.657213351504e+00 3.018476931015e-04 2.688338247526e-24 3.237564823353e+00 2.275973411939e-05 0.000000000000e+00 3.419648528151e+00 2.790879589821e-04 2.688338247526e-24
152                  6.657202855192e+00 3.016860840154e-04 2.688350708272e-24 3.237560551507e+00 2.270563977827e-05 0.000000000000e+00 3.419642303685e+00 2.789804442372e-04 2.688350708272e-24
153                  6.657192984823e+00 3.015465548260e-04 2.688362457932e-24 3.237556534206e+00 2.266024915562e-05 0.000000000000e+00 3.419636450617e+00 2.788863056704e-04 2.688362457932e-24
154                  6.657183702929e+00 3.014268596947e-04 2.688373537355e-24 3.237552756230e+00 2.262259745509e-05 0.000000000000e+00 3.419630946699e+00 2.788042622396e-04 2.688373537355e-24
155                  6.657174974296e+00 3.013249358757e-04 2.688383984954e-24 3.237549203276e+00 2.259180379888e-05 0.000000000000e+00 3.419625771021e+00 2.787331320768e-04 2.688383984954e-24
156                  6.657166765831e+00 3.012388917466e-04 2.688393836851e-24 3.237545861898e+00 2.256706536038e-05 0.000000000000e+00 3.419620903933e+00 2.786718263863e-04 2.688393836851e-24
157                  6.657159046428e+00 3.011669954058e-04 2.688403127048e-24 3.237542719459e+00 2.254765180279e-05 0.000000000000e+00 3.419616326969e+00 2.786193436030e-04 2.688403127048e-24
158                  6.657151849448e+00 3.011114426750e-04 2.688412314275e-24 3.237539813417e+00 2.253615406025e-05 0.000000000000e+00 3.419612036031e+00 2.785752886148e-04 2.688412314275e-24
159                  6.657145077352e+00 3.010678724528e-04 2.688420790108e-24 3.237537075516e+00 2.252842085912e-05 0.000000000000e+00 3.419608001837e+00 2.785394515936e-04 2.688420790108e-24
160                  6.657138672460e+00 3.010313869199e-04 2.688428421629e-24 3.237534468872e+00 2.252139600717e-05 0.000000000000e+00 3.419604203588e+00 2.785099909127e-04 2.688428421629e-24
161                  6.657132620105e+00 3.010007054847e-04 2.688435454854e-24 3.237531993647e+00 2.251539665418e-05 0.000000000000e+00 3.419600626458e+00 2.784853088305e-04 2.688435454854e-24
162                  6.657126923279e+00 3.009770696672e-04 2.688442188189e-24 3.237529663556e+00 2.251233502334e-05 0.000000000000e+00 3.419597259724e+00 2.784647346439e-04 2.688442188189e-24
163                  6.657121576686e+00 3.009613370562e-04 2.688448721444e-24 3.237527483038e+00 2.251311752852e-05 0.000000000000e+00 3.419594093648e+00 2.784482195277e-04 2.688448721444e-24
164                  6.657116560532e+00 3.009519692841e-04 2.688454952569e-24 3.237525443266e+00 2.251633634714e-05 0.000000000000e+00 3.419591117266e+00 2.784356329369e-04 2.688454952569e-24
165                  6.657111843395e+00 3.009480170211e-04 2.688460794396e-24 3.237523524879e+00 2.252146724044e-05 0.000000000000e+00 3.419588318516e+00 2.784265497806e-04 2.688460794396e-24
166                  6.657107401094e+00 3.009477143063e-04 2.688466228589e-24 3.237521715343e+00 2.252726100391e-05 0.000000000000e+00 3.419585685751e+00 2.784204533024e-04 2.688466228589e-24
167                  6.657103217637e+00 3.009500925364e-04 2.688471320402e-24 3.237520009006e+00 2.253331439722e-05 0.000000000000e+00 3.419583208631e+00 2.784167781391e-04 2.688471320402e-24
168                  6.657099281612e+00 3.009549640801e-04 2.688476144783e-24 3.237518403407e+00 2.253986765627e-05 0.000000000000e+00 3.419580878205e+00 2.784150964238e-04 2.688476144783e-24
169                  6.657095581274e+00 3.009623334262e-04 2.688480730946e-24 3.237516894980e+00 2.254719248604e-05 0.000000000000e+00 3.419578686294e+00 2.784151409401e-04 2.688480730946e-24
170                  6.657092102689e+00 3.009719426197e-04 2.688485067788e-24 3.237515477778e+00 2.255522715316e-05 0.000000000000e+00 3.419576624911e+00 2.784167154666e-04 2.688485067788e-24
171                  6.657088832701e+00 3.009834255647e-04 2.688489147767e-24 3.237514146348e+00 2.256413444937e-05 0.000000000000e+00 3.419574686354e+00 2.784192911154e-04 2.688489147767e-24
172                  6.657085755490e+00 3.009963242843e-04 2.688492977415e-24 3.237512892729e+00 2.257308471645e-05 0.000000000000e+00 3.419572862760e+00 2.784232395679e-04 2.688492977415e-24
173                  6.657082858657e+00 3.010097505604e-04 2.688496579761e-24 3.237511711570e+00 2.258153792339e-05 0.000000000000e+00 3.419571147087e+00 2.784282126370e-04 2.688496579761e-24
174                  6.657080132756e+00 3.010232654631e-04 2.688499980969e-24 3.237510599703e+00 2.258949607373e-05 0.000000000000e+00 3.419569533053e+00 2.784337693894e-04 2.688499980969e-24
175                  6.657077569181e+00 3.010369285896e-04 2.688503196001e-24 3.237509554310e+00 2.259727649362e-05 0.000000000000e+00 3.419568014870e+00 2.784396520960e-04 2.688503196001e-24
176                  6.657075158753e+00 3.010509417436e-04 2.688506228028e-24 3.237508571793e+00 2.260511604618e-05 0.000000000000e+00 3.419566586960e+00 2.784458256974e-04 2.688506228028e-24
177                  6.657072891840e+00 3.010652797460e-04 2.688509078877e-24 3.237507647941e+00 2.261295583203e-05 0.000000000000e+00 3.419565243899e+00 2.784523239140e-04 2.688509078877e-24
178                  6.657070759237e+00 3.010796289121e-04 2.688511757820e-24 3.237506778713e+00 2.262053097141e-05 0.000000000000e+00 3.419563980525e+00 2.784590979407e-04 2.688511757820e-24
179                  6.657068752761e+00 3.010936049349e-04 2.688514280421e-24 3.237505960714e+00 2.262760946975e-05 0.000000000000e+00 3.419562792047e+00 2.784659954651e-04 2.688514280421e-24
180                  6.657066865139e+00 3.011069867037e-04 2.688516660841e-24 3.237505191093e+00 2.263414168757e-05 0.000000000000e+00 3.419561674046e+00 2.784728450162e-04 2.688516660841e-24
181                  6.657065089582e+00 3.011197664883e-04 2.688518906840e-24 3.237504467188e+00 2.264022662077e-05 0.000000000000e+00 3.419560622394e+00 2.784795398675e-04 2.688518906840e-24
182                  6.657063419506e+00 3.011320244042e-04 2.688521021872e-24 3.237503786333e+00 2.264597376506e-05 0.000000000000e+00 3.419559633174e+00 2.784860506391e-04 2.688521021872e-24
183                  6.657061848549e+00 3.011437785627e-04 2.688523010300e-24 3.237503145888e+00 2.265140041438e-05 0.000000000000e+00 3.419558702661e+00 2.784923781484e-04 2.688523010300e-24
184                  6.657060370716e+00 3.011549428256e-04 2.688524879974e-24 3.237502543379e+00 2.265643849400e-05 0.000000000000e+00 3.419557827337e+00 2.784985043316e-04 2.688524879974e-24
185                  6.657058980455e+00 3.011653957297e-04 2.688526640380e-24 3.237501976544e+00 2.266101344434e-05 0.000000000000e+00 3.419557003911e+00 2.785043822854e-04 2.688526640380e-24
186                  6.657057672607e+00 3.011750688421e-04 2.688528299362e-24 3.237501443300e+00 2.266510850343e-05 0.000000000000e+00 3.419556229307e+00 2.785099603386e-04 2.688528299362e-24
187                  6.657056442314e+00 3.011839733726e-04 2.688529861981e-24 3.237500941673e+00 2.266876537085e-05 0.000000000000e+00 3.419555500641e+00 2.785152080017e-04 2.688529861981e-24
188                  6.657055284965e+00 3.011921594168e-04 2.688531332031e-24 3.237500469779e+00 2.267203891296e-05 0.000000000000e+00 3.419554815186e+00 2.785201205038e-04 2.688531332031e-24
189                  6.657054196208e+00 3.011996610774e-04 2.688532714015e-24 3.237500025836e+00 2.267495670027e-05 0.000000000000e+00 3.419554170372e+00 2.785247043771e-04 2.688532714015e-24
190                  6.657053171961e+00 3.012064775206e-04 2.688534013602e-24 3.237499608184e+00 2.267751551147e-05 0.000000000000e+00 3.419553563776e+00 2.785289620091e-04 2.688534013602e-24
191                  6.657052208400e+00 3.012125943045e-04 2.688535236570e-24 3.237499215272e+00 2.267970605227e-05 0.000000000000e+00 3.419552993128e+00 2.785328882522e-04 2.688535236570e-24
192                  6.657051301936e+00 3.012180136658e-04 2.688536387702e-24 3.237498845640e+00 2.268153605747e-05 0.000000000000e+00 3.419552456296e+00 2.785364776083e-04 2.688536387702e-24
193                  6.657050449179e+00 3.012227644684e-04 2.688537470689e-24 3.237498497902e+00 2.268303257016e-05 0.000000000000e+00 3.419551951276e+00 2.785397318982e-04 2.688537470689e-24
194                  6.657049646934e+00 3.012268889710e-04 2.688538488878e-24 3.237498170753e+00 2.268422775045e-05 0.000000000000e+00 3.419551476181e+00 2.785426612206e-04 2.688538488878e-24
195                  6.657048892198e+00 3.012304245439e-04 2.688539445880e-24 3.237497862966e+00 2.268514534159e-05 0.000000000000e+00 3.419551029232e+00 2.785452792023e-04 2.688539445880e-24
196                  6.657048182155e+00 3.012333971979e-04 2.688540345565e-24 3.237497573399e+00 2.268579895173e-05 0.000000000000e+00 3.419550608756e+00 2.785475982462e-04 2.688540345565e-24
197                  6.657047511263e+00 3.012354876073e-04 2.688541159395e-24 3.237497298087e+00 2.268588720414e-05 0.000000000000e+00 3.419550213176e+00 2.785496004032e-04 2.688541159395e-24
198                  6.657046882762e+00 3.012373492031e-04 2.688541961317e-24 3.237497041627e+00 2.268605081765e-05 0.000000000000e+00 3.419549841135e+00 2.785512983855e-04 2.688541961317e-24
199                  6.657046293178e+00 3.012389666964e-04 2.688542732063e-24 3.237496801880e+00 2.268619553450e-05 0.000000000000e+00 3.419549491298e+00 2.785527711619e-04 2.688542732063e-24
200                  6.657045764184e+00 3.012406234230e-04 2.688543596162e-24 3.237496600348e+00 2.268639505773e-05 0.000000000000e+00 3.419549163836e+00 2.785542283652e-04 2.688543596162e-24
201                  6.657045263128e+00 3.012418258527e-04 2.688544333077e-24 3.237496405877e+00 2.268619779189e-05 0.000000000000e+00 3.419548857251e+00 2.785556280608e-04 2.688544333077e-24
202                  6.657044772945e+00 3.012422107079e-04 2.688544886083e-24 3.237496205589e+00 2.268536249372e-05 0.000000000000e+00 3.419548567356e+00 2.785568482142e-04 2.688544886083e-24
203                  6.657044298344e+00 3.012418938481e-04 2.688545351009e-24 3.237496005874e+00 2.268420565160e-05 0.000000000000e+00 3.419548292469e+00 2.785576881965e-04 2.688545351009e-24
204                  6.657043851387e+00 3.012413591461e-04 2.688545833656e-24 3.237495818438e+00 2.268321352478e-05 0.000000000000e+00 3.419548032949e+00 2.785581456213e-04 2.688545833656e-24
205                  6.657043437907e+00 3.012409089210e-04 2.688546357010e-24 3.237495648603e+00 2.268253783855e-05 0.000000000000e+00 3.419547789304e+00 2.785583710825e-04 2.688546357010e-24
206                  6.657043054629e+00 3.012404183224e-04 2.688546875546e-24 3.237495493616e+00 2.268192724575e-05 0.000000000000e+00 3.419547561012e+00 2.785584910766e-04 2.688546875546e-24
207                  6.657042694580e+00 3.012395709099e-04 2.688547342648e-24 3.237495347908e+00 2.268105446149e-05 0.000000000000e+00 3.419547346671e+00 2.785585164484e-04 2.688547342648e-24
208                  6.657042353041e+00 3.012382124039e-04 2.688547752306e-24 3.237495208235e+00 2.267982452803e-05 0.000000000000e+00 3.419547144806e+00 2.785583878759e-04 2.688547752306e-24
209                  6.657042029187e+00 3.012364585560e-04 2.688548128996e-24 3.237495074746e+00 2.267839137299e-05 0.000000000000e+00 3.419546954441e+00 2.785580671830e-04 2.688548128996e-24
210                  6.657041724044e+00 3.012345371233e-04 2.688548494885e-24 3.237494948952e+00 2.267696029812e-05 0.000000000000e+00 3.419546775092e+00 2.785575768252e-04 2.688548494885e-24
211                  6.657041437960e+00 3.012325854818e-04 2.688548852196e-24 3.237494831562e+00 2.267561374494e-05 0.000000000000e+00 3.419546606398e+00 2.785569717369e-04 2.688548852196e-24
212                  6.657041169780e+00 3.012305893555e-04 2.688549190422e-24 3.237494721930e+00 2.267429684691e-05 0.000000000000e+00 3.419546447850e+00 2.785562925086e-04 2.688549190422e-24
213                  6.657040917625e+00 3.012284656889e-04 2.688549502135e-24 3.237494618850e+00 2.267291871913e-05 0.000000000000e+00 3.419546298775e+00 2.785555469698e-04 2.688549502135e-24
214                  6.657040683935e+00 3.012262269614e-04 2.688549816578e-24 3.237494525198e+00 2.267136329956e-05 0.000000000000e+00 3.419546158736e+00 2.785548636618e-04 2.688549816578e-24
215                  6.657040462302e+00 3.012238847811e-04 2.688550093081e-24 3.237494435630e+00 2.266988117017e-05 0.000000000000e+00 3.419546026672e+00 2.785540036110e-04 2.688550093081e-24
216                  6.657040250583e+00 3.012215627956e-04 2.688550344224e-24 3.237494348607e+00 2.266846573598e-05 0.000000000000e+00 3.419545901976e+00 2.785530970596e-04 2.688550344224e-24
217                  6.657040049872e+00 3.012191212381e-04 2.688550582998e-24 3.237494265373e+00 2.266699909564e-05 0.000000000000e+00 3.419545784499e+00 2.785521221424e-04 2.688550582998e-24
218                  6.657039861575e+00 3.012164980082e-04 2.688550814390e-24 3.237494187469e+00 2.266544412674e-05 0.000000000000e+00 3.419545674106e+00 2.785510538814e-04 2.688550814390e-24
219                  6.657039685659e+00 3.012138024055e-04 2.688551034043e-24 3.237494115191e+00 2.266388495115e-05 0.000000000000e+00 3.419545570467e+00 2.785499174543e-04 2.688551034043e-24
220                  6.657039520836e+00 3.012111781514e-04 2.688551236166e-24 3.237494047749e+00 2.266241082960e-05 0.000000000000e+00 3.419545473087e+00 2.785487673218e-04 2.688551236166e-24
221                  6.657039365658e+00 3.012086627291e-04 2.688551420774e-24 3.237493984204e+00 2.266102169787e-05 0.000000000000e+00 3.419545381454e+00 2.785476410312e-04 2.688551420774e-24
222                  6.657039219244e+00 3.012061877169e-04 2.688551593156e-24 3.237493924079e+00 2.265965035367e-05 0.000000000000e+00 3.419545295165e+00 2.785465373632e-04 2.688551593156e-24
223                  6.657039081269e+00 3.012036759318e-04 2.688551758101e-24 3.237493867335e+00 2.265824410505e-05 0.000000000000e+00 3.419545213933e+00 2.785454318268e-04 2.688551758101e-24
224                  6.657038951533e+00 3.012011227392e-04 2.688551915860e-24 3.237493814013e+00 2.265681590857e-05 0.000000000000e+00 3.419545137520e+00 2.785443068306e-04 2.688551915860e-24
225                  6.657038829653e+00 3.011985906724e-04 2.688552063690e-24 3.237493763985e+00 2.265542272004e-05 0.000000000000e+00 3.419545065668e+00 2.785431679524e-04 2.688552063690e-24
226                  6.657038713263e+00 3.011963134341e-04 2.688552179485e-24 3.237493715223e+00 2.265426421991e-05 0.000000000000e+00 3.419544998040e+00 2.785420492141e-04 2.688552179485e-24
227                  6.657038606972e+00 3.011937704573e-04 2.688552328090e-24 3.237493672530e+00 2.265282352817e-05 0.000000000000e+00 3.419544934442e+00 2.785409469291e-04 2.688552328090e-24
228                  6.657038506578e+00 3.011913620305e-04 2.688552459138e-24 3.237493631803e+00 2.265151966377e-05 0.000000000000e+00 3.419544874775e+00 2.785398423667e-04 2.688552459138e-24
229                  6.657038409966e+00 3.011893238847e-04 2.688552553589e-24 3.237493591394e+00 2.265054276299e-05 0.000000000000e+00 3.419544818572e+00 2.785387811217e-04 2.688552553589e-24
230                  6.657038318714e+00 3.011871626862e-04 2.688552644621e-24 3.237493553205e+00 2.264939977889e-05 0.000000000000e+00 3.419544765509e+00 2.785377629074e-04 2.688552644621e-24
231                  6.657038235862e+00 3.011847066917e-04 2.688552768720e-24 3.237493520210e+00 2.264797992868e-05 0.000000000000e+00 3.419544715652e+00 2.785367267630e-04 2.688552768720e-24
232                  6.657038155554e+00 3.011825515406e-04 2.688552852625e-24 3.237493486677e+00 2.264687029987e-05 0.000000000000e+00 3.419544668876e+00 2.785356812408e-04 2.688552852625e-24
233                  6.657038080470e+00 3.011805208272e-04 2.688552935742e-24 3.237493455649e+00 2.264584111139e-05 0.000000000000e+00 3.419544624821e+00 2.785346797158e-04 2.688552935742e-24
234                  6.657038010074e+00 3.011785655121e-04 2.688553017587e-24 3.237493426708e+00 2.264484523487e-05 0.000000000000e+00 3.419544583366e+00 2.785337202772e-04 2.688553017587e-24
235                  6.657037944024e+00 3.011766726372e-04 2.688553097241e-24 3.237493399636e+00 2.264387736656e-05 0.000000000000e+00 3.419544544388e+00 2.785327952707e-04 2.688553097241e-24
236                  6.657037882082e+00 3.011748479288e-04 2.688553173203e-24 3.237493374338e+00 2.264294865073e-05 0.000000000000e+00 3.419544507744e+00 2.785318992781e-04 2.688553173203e-24
237                  6.657037823866e+00 3.011730869437e-04 2.688553243600e-24 3.237493350600e+00 2.264205725019e-05 0.000000000000e+00 3.419544473265e+00 2.785310296935e-04 2.688553243600e-24
238                  6.657037768901e+00 3.011713710426e-04 2.688553307314e-24 3.237493328116e+00 2.264118652590e-05 0.000000000000e+00 3.419544440785e+00 2.785301845167e-04 2.688553307314e-24
239                  6.657037716864e+00 3.011696863805e-04 2.688553364904e-24 3.237493306696e+00 2.264032458277e-05 0.000000000000e+00 3.419544410168e+00 2.785293617978e-04 2.688553364904e-24
240                  6.657037667710e+00 3.011680417542e-04 2.688553418395e-24 3.237493286386e+00 2.263948039835e-05 0.000000000000e+00 3.419544381324e+00 2.785285613558e-04 2.688553418395e-24
241                  6.657037621539e+00 3.011664658084e-04 2.688553469977e-24 3.237493267353e+00 2.263867949345e-05 0.000000000000e+00 3.419544354186e+00 2.785277863149e-04 2.688553469977e-24
242                  6.657037578341e+00 3.011649841675e-04 2.688553520495e-24 3.237493249660e+00 2.263794222740e-05 0.000000000000e+00 3.419544328682e+00 2.785270419401e-04 2.688553520495e-24
243                  6.657037537875e+00 3.011635986796e-04 2.688553569040e-24 3.237493233162e+00 2.263726654816e-05 0.000000000000e+00 3.419544304713e+00 2.785263321315e-04 2.688553569040e-24
244                  6.657037499781e+00 3.011622880279e-04 2.688553614103e-24 3.237493217615e+00 2.263663134017e-05 0.000000000000e+00 3.419544282165e+00 2.785256566877e-04 2.688553614103e-24
245                  6.657037463774e+00 3.011610253735e-04 2.688553655030e-24 3.237493202843e+00 2.263601371114e-05 0.000000000000e+00 3.419544260931e+00 2.785250116624e-04 2.688553655030e-24
246                  6.657037429747e+00 3.011597957186e-04 2.688553692426e-24 3.237493188819e+00 2.263540362737e-05 0.000000000000e+00 3.419544240928e+00 2.785243920913e-04 2.688553692426e-24
247                  6.657037397708e+00 3.011586020409e-04 2.688553727522e-24 3.237493175613e+00 2.263480721948e-05 0.000000000000e+00 3.419544222096e+00 2.785237948214e-04 2.688553727522e-24
248                  6.657037367648e+00 3.011574591671e-04 2.688553761233e-24 3.237493163266e+00 2.263423938997e-05 0.000000000000e+00 3.419544204381e+00 2.785232197771e-04 2.688553761233e-24
249                  6.657037371713e+00 3.011564761520e-04 2.688553959346e-24 3.237493170429e+00 2.263379965015e-05 0.000000000000e+00 3.419544201285e+00 2.785226765018e-04 2.688553959346e-24
250                  6.657037345035e+00 3.011556523702e-04 2.688553914674e-24 3.237493159429e+00 2.263342740808e-05 0.000000000000e+00 3.419544185606e+00 2.785222249621e-04 2.688553914674e-24
251                  6.657037310332e+00 3.011546340232e-04 2.688553808294e-24 3.237493141093e+00 2.263286339282e-05 0.000000000000e+00 3.419544169238e+00 2.785217706303e-04 2.688553808294e-24
252                  6.657037304629e+00 3.011535229326e-04 2.688553906429e-24 3.237493139164e+00 2.263225778301e-05 0.000000000000e+00 3.419544165465e+00 2.785212651496e-04 2.688553906429e-24
253                  6.657037307909e+00 3.011528662889e-04 2.688554063241e-24 3.237493145629e+00 2.263204372041e-05 0.000000000000e+00 3.419544162280e+00 2.785208225685e-04 2.688554063241e-24
254                  6.657037274334e+00 3.011526291811e-04 2.688553909831e-24 3.237493127092e+00 2.263190806093e-05 0.000000000000e+00 3.419544147242e+00 2.785207211202e-04 2.688553909831e-24
255                  6.657037266064e+00 3.011521860840e-04 2.688553942497e-24 3.237493122909e+00 2.263183064535e-05 0.000000000000e+00 3.419544143155e+00 2.785203554386e-04 2.688553942497e-24
256                  6.657037267709e+00 3.011515726361e-04 2.688554053914e-24 3.237493127820e+00 2.263155382121e-05 0.000000000000e+00 3.419544139889e+00 2.785200188149e-04 2.688554053914e-24
257                  6.657037264096e+00 3.011513620301e-04 2.688554073899e-24 3.237493127588e+00 2.263143060166e-05 0.000000000000e+00 3.419544136508e+00 2.785199314285e-04 2.688554073899e-24
258                  6.657037256010e+00 3.011511983374e-04 2.688554047640e-24 3.237493123226e+00 2.263135716232e-05 0.000000000000e+00 3.419544132785e+00 2.785198411751e-04 2.688554047640e-24
259                  6.657037245541e+00 3.011509934742e-04 2.688554001338e-24 3.237493116812e+00 2.263125726526e-05 0.000000000000e+00 3.419544128729e+00 2.785197362089e-04 2.688554001338e-24
260                  6.657037242207e+00 3.011502092126e-04 2.688554058183e-24 3.237493117090e+00 2.263083561138e-05 0.000000000000e+00 3.419544125117e+00 2.785193736012e-04 2.688554058183e-24
261                  6.657037235075e+00 3.011498667502e-04 2.688554054992e-24 3.237493113740e+00 2.263060956714e-05 0.000000000000e+00 3.419544121335e+00 2.785192571830e-04 2.688554054992e-24
262                  6.657037225673e+00 3.011496950578e-04 2.688554027172e-24 3.237493108328e+00 2.263054368090e-05 0.000000000000e+00 3.419544117345e+00 2.785191513769e-04 2.688554027172e-24
263                  6.657037215688e+00 3.011496115961e-04 2.688553992947e-24 3.237493102442e+00 2.263055682847e-05 0.000000000000e+00 3.419544113246e+00 2.785190547677e-04 2.688553992947e-24
264                  6.657037214543e+00 3.011490841901e-04 2.688554075700e-24 3.237493104674e+00 2.263034157915e-05 0.000000000000e+00 3.419544109869e+00 2.785187426110e-04 2.688554075700e-24
265                  6.657037209647e+00 3.011489644040e-04 2.688554086604e-24 3.237493103174e+00 2.263029222907e-05 0.000000000000e+00 3.419544106473e+00 2.785186721749e-04 2.688554086604e-24
266                  6.657037202017e+00 3.011489288919e-04 2.688554064594e-24 3.237493099093e+00 2.263031723124e-05 0.000000000000e+00 3.419544102924e+00 2.785186116607e-04 2.688554064594e-24
267                  6.657037193046e+00 3.011488702510e-04 2.688554027167e-24 3.237493093800e+00 2.263032241739e-05 0.000000000000e+00 3.419544099246e+00 2.785185478336e-04 2.688554027167e-24
268                  6.657037184233e+00 3.011487296866e-04 2.688553993432e-24 3.237493088700e+00 2.263025661761e-05 0.000000000000e+00 3.419544095533e+00 2.785184730690e-04 2.688553993432e-24
269                  6.657037184294e+00 3.011480663077e-04 2.688554077696e-24 3.237493091735e+00 2.262986673204e-05 0.000000000000e+00 3.419544092559e+00 2.785181995757e-04 2.688554077696e-24
270                  6.657037180779e+00 3.011477679963e-04 2.688554099003e-24 3.237493091196e+00 2.262965853889e-05 0.000000000000e+00 3.419544089583e+00 2.785181094574e-04 2.688554099003e-24
271                  6.657037174353e+00 3.011476167090e-04 2.688554089458e-24 3.237493087898e+00 2.262958857366e-05 0.000000000000e+00 3.419544086455e+00 2.785180281353e-04 2.688554089458e-24
272                  6.657037166360e+00 3.011475338797e-04 2.688554063224e-24 3.237493083182e+00 2.262958232718e-05 0.000000000000e+00 3.419544083178e+00 2.785179515525e-04 2.688554063224e-24
273                  6.657037158214e+00 3.011474538926e-04 2.688554035508e-24 3.237493078382e+00 2.262957704588e-05 0.000000000000e+00 3.419544079832e+00 2.785178768467e-04 2.688554035508e-24
274                  6.657037150905e+00 3.011473404008e-04 2.688554017565e-24 3.237493074380e+00 2.262953932367e-05 0.000000000000e+00 3.419544076525e+00 2.785178010772e-04 2.688554017565e-24
275                  6.657037144846e+00 3.011471907613e-04 2.688554014517e-24 3.237493071501e+00 2.262946698686e-05 0.000000000000e+00 3.419544073344e+00 2.785177237744e-04 2.688554014517e-24
276                  6.657037139997e+00 3.011470282444e-04 2.688554024949e-24 3.237493069665e+00 2.262938184741e-05 0.000000000000e+00 3.419544070332e+00 2.785176463970e-04 2.688554024949e-24
277                  6.657037135956e+00 3.011468722226e-04 2.688554041091e-24 3.237493068482e+00 2.262930164595e-05 0.000000000000e+00 3.419544067474e+00 2.785175705766e-04 2.688554041091e-24
278                  6.657037132113e+00 3.011467298167e-04 2.688554059646e-24 3.237493067370e+00 2.262923172255e-05 0.000000000000e+00 3.419544064743e+00 2.785174980942e-04 2.688554059646e-24
279                  6.657037129368e+00 3.011466581201e-04 2.688554067058e-24 3.237493067370e+00 2.262923172255e-05 0.000000000000e+00 3.419544061998e+00 2.785174263976e-04 2.688554067058e-24
